# Exhaust pressure profile
# CAD    Pa
-360,102430.278305964
-359.5,102460.407087295
-359,102496.21434745
-358.5,102529.24891962
-358,102552.403630078
-357.5,102575.853932584
-357,102556.026793431
-356.5,102544.599827139
-356,102631.0613656
-355.5,102780.6326707
-355,102929.141745895
-354.5,103087.90406223
-354,103265.52031115
-353.5,103426.987899741
-353,103617.530682801
-352.5,103806.521175454
-352,104017.033707865
-351.5,104234.33880726
-351,104410.40622299
-350.5,104498
-350,104538.784788245
-349.5,104602.986171132
-349,104626.055315471
-348.5,104656.007778738
-348,104698.01642178
-347.5,104692.547104581
-347,104645.50821089
-346.5,104518.108902334
-346,104397.238547969
-345.5,104257.27139153
-345,104096.360414866
-344.5,103919.494382023
-344,103727.209161625
-343.5,103538.371650821
-343,103338.754537597
-342.5,103158.989628349
-342,102976.584269663
-341.5,102884.537597234
-341,102810.932584269
-340.5,102730.459809853
-340,102643.621434745
-339.5,102578.842696629
-339,102522.922212619
-338.5,102500.868625756
-338,102538.849611063
-337.5,102621.546240277
-337,102703.713050994
-336.5,102792.195332757
-336,102910.120138289
-335.5,103048.040622299
-335,103194.261019879
-334.5,103348.80812446
-334,103497.987035437
-333.5,103656.210025929
-333,103787.266205705
-332.5,103868.172860847
-332,103954.767502161
-331.5,104030.789109766
-331,104099.97752809
-330.5,104165.56525497
-330,104232.231633535
-329.5,104245.201382887
-329,104202.807260155
-328.5,104141.112359551
-328,104066.770959378
-327.5,103977.113223855
-327,103865.768366465
-326.5,103751.045808125
-326,103629.716508211
-325.5,103487.281763181
-325,103337.8366465
-324.5,103182.21434745
-324,103066.191011236
-323.5,102981.452031115
-323,102884.503889369
-322.5,102786.627484875
-322,102708.151253241
-321.5,102638.993085566
-321,102572.696629213
-320.5,102559.555747623
-320,102588.441659464
-319.5,102621.694036301
-319,102654.276577355
-318.5,102705.45116681
-318,102801.099394987
-317.5,102875.487467589
-317,102988.198789974
-316.5,103116.918755402
-316,103240.242005186
-315.5,103344.472774417
-315,103432.927398444
-314.5,103503.256698358
-314,103595.936041487
-313.5,103696.504753673
-313,103777.681936042
-312.5,103848.680207433
-312,103915.510803803
-311.5,103912.233362144
-311,103890.368193604
-310.5,103874.802938635
-310,103851.260155575
-309.5,103814.866032844
-309,103756.522039758
-308.5,103684.190146932
-308,103576.800345722
-307.5,103461.546240277
-307,103350.390665514
-306.5,103276.503889369
-306,103174.967156439
-305.5,103086.879861712
-305,103007.509075194
-304.5,102904.339671564
-304,102803.937770095
-303.5,102735.28781331
-303,102675.493517718
-302.5,102658.007778738
-302,102641.723422645
-301.5,102640.478824546
-301,102606.877268798
-300.5,102602.755401901
-300,102636.494382022
-299.5,102686.258426966
-299,102773.727744166
-298.5,102865.611927398
-298,102935.770959378
-297.5,103013.24286949
-297,103074.484874676
-296.5,103156.908383751
-296,103217.939498704
-295.5,103310.541054451
-295,103405.346585998
-294.5,103479.368193604
-294,103530.479688851
-293.5,103574.360414866
-293,103605.685393259
-292.5,103633.67761452
-292,103653.283491789
-291.5,103698.509939499
-291,103649.24891962
-290.5,103618.219533276
-290,103554.936905791
-289.5,103471.001728608
-289,103398.834917891
-288.5,103348.076058773
-288,103288.504753673
-287.5,103225.804667243
-287,103134.119273984
-286.5,103050.407951599
-286,102923.396715644
-285.5,102842.321521175
-285,102754.628349179
-284.5,102705.064822817
-284,102627.474503025
-283.5,102578.050129645
-283,102528.560933448
-282.5,102501.444252377
-282,102490.1633535
-281.5,102528.069144339
-281,102555.014693172
-280.5,102599.133102852
-280,102634.753673293
-279.5,102669.836646499
-279,102708.039757995
-278.5,102773
-278,102857.774416595
-277.5,102953.531547104
-277,103047.703543647
-276.5,103169.103716508
-276,103226.241140882
-275.5,103294.487467589
-275,103354.83059637
-274.5,103443.273120138
-274,103501.157303371
-273.5,103532.102852204
-273,103556.19792567
-272.5,103542.671564391
-272,103506.212618842
-271.5,103496.294727744
-271,103452.525496975
-270.5,103419.700086431
-270,103373.567847882
-269.5,103314.269662921
-269,103211.280034572
-268.5,103109.191011236
-268,102984.912705272
-267.5,102891.572169404
-267,102795.420916162
-266.5,102717.746758859
-266,102617.931719965
-265.5,102517.770095073
-265,102444.609334486
-264.5,102393.155574762
-264,102364.299049265
-263.5,102342.642178047
-263,102342.825410544
-262.5,102350.554883319
-262,102357.279170268
-261.5,102397.80207433
-261,102430.146067416
-260.5,102481.602420052
-260,102558.25929127
-259.5,102663.364736387
-259,102785.630077787
-258.5,102887.681936041
-258,102976.797752809
-257.5,103066.97752809
-257,103162.938634399
-256.5,103281.99394987
-256,103331.261019879
-255.5,103378.144338807
-255,103420.04494382
-254.5,103453.266205704
-254,103459.44079516
-253.5,103465.748487468
-253,103464.834053587
-252.5,103441.152117545
-252,103365.454624028
-251.5,103325.40622299
-251,103209.053586863
-250.5,103100.812445981
-250,102999.777009508
-249.5,102875.343993085
-249,102779.445980985
-248.5,102670.866032843
-248,102556.303370786
-247.5,102459.846153846
-247,102373.171996543
-246.5,102332.954191876
-246,102255.643906655
-245.5,102202.668971478
-245,102179.608470182
-244.5,102165.025929127
-244,102144.016421781
-243.5,102183.427830596
-243,102232.61624892
-242.5,102292.108038029
-242,102373.363872083
-241.5,102494.343993085
-241,102573.191011236
-240.5,102671.168539326
-240,102759.504753673
-239.5,102865.719101123
-239,102977.075194469
-238.5,103068.726879862
-238,103163.6326707
-237.5,103227.300777874
-237,103283.065687122
-236.5,103351.541918755
-236,103346.263612792
-235.5,103358.733794296
-235,103359.522039758
-234.5,103335.261019879
-234,103285.091616249
-233.5,103218.177182368
-233,103128.433880726
-232.5,103031.967156439
-232,102928.535004321
-231.5,102868.343128781
-231,102748.916162489
-230.5,102639.197061365
-230,102527.010371651
-229.5,102419.241140882
-229,102320.161624892
-228.5,102250.099394987
-228,102186.212618842
-227.5,102127.995678479
-227,102096.970613656
-226.5,102103.216940363
-226,102065.605877269
-225.5,102078.044943821
-225,102116.788245462
-224.5,102177.164217805
-224,102245.321521176
-223.5,102318.794295592
-223,102404.282627485
-222.5,102490.694900605
-222,102561.732065687
-221.5,102690.425237684
-221,102772.791702679
-220.5,102861.932584269
-220,102944.11840968
-219.5,103014.177182368
-219,103054.425237684
-218.5,103114.049265341
-218,103152.158167675
-217.5,103175.230769231
-217,103184.113223855
-216.5,103189.356093345
-216,103127.815903198
-215.5,103060.414001729
-215,102997.699222126
-214.5,102927.269662921
-214,102866.490060501
-213.5,102784.364736387
-213,102704.842696629
-212.5,102609.360414866
-212,102490.832324978
-211.5,102422.245462403
-211,102322.228176318
-210.5,102258.333621435
-210,102194.426966292
-209.5,102133.981849611
-209,102109.420916163
-208.5,102063.67761452
-208,102043.092480553
-207.5,102041.688850476
-207,102069.100259291
-206.5,102145.776145203
-206,102152.252376837
-205.5,102198.433880726
-205,102241.582541055
-204.5,102308.528089888
-204,102382.019014693
-203.5,102462.422644771
-203,102548.125324114
-202.5,102624.84701815
-202,102698.982713915
-201.5,102776.47968885
-201,102802.141745894
-200.5,102848.345721694
-200,102885.068280034
-199.5,102914.872947277
-199,102936.867761452
-198.5,102931.896283492
-198,102917.425237684
-197.5,102896.02852204
-197,102861.439930856
-196.5,102854.503025065
-196,102774.247191011
-195.5,102716.637856525
-195,102646.02247191
-194.5,102574.426966292
-194,102502.038029386
-193.5,102433.309420916
-193,102358.540190147
-192.5,102301.92048401
-192,102237.46326707
-191.5,102225.866032844
-191,102143.510803803
-190.5,102102.442523769
-190,102072.822817632
-189.5,102061.940363008
-189,102037.341400173
-188.5,102050.036300778
-188,102064.410544512
-187.5,102086.202247191
-187,102112.02852204
-186.5,102180.658599827
-186,102202.503889369
-185.5,102260.834053587
-185,102303.278305964
-184.5,102356.726015558
-184,102418.003457217
-183.5,102468.105445116
-183,102509.167675021
-182.5,102558.588591184
-182,102599.137424373
-181.5,102668.64909248
-181,102680.248055315
-180.5,102704.343128781
-180,102705.347450302
-179.5,102720.495246327
-179,102704.315471046
-178.5,102693.507346586
-178,102667.251512532
-177.5,102648.145203111
-177,102607.331892826
-176.5,102590.73898012
-176,102512.61019879
-175.5,102462.519446845
-175,102417.153846154
-174.5,102365.483146067
-174,102311.745030251
-173.5,102257.61624892
-173,102190.657735523
-172.5,102139.102852204
-172,102095.042350908
-171.5,102084.738115817
-171,102023.014693172
-170.5,102002.584269663
-170,101991.621434745
-169.5,101981.113223855
-169,101973.080380294
-168.5,101981.741573034
-168,102004.489196197
-167.5,102038.180639585
-167,102060.489196197
-166.5,102121.188418323
-166,102128.509075195
-165.5,102168.187554019
-165,102215.381158168
-164.5,102271.222126188
-164,102326.026793431
-163.5,102380.564390665
-163,102434.228176318
-162.5,102462.936041487
-162,102495.760587727
-161.5,102561.325842696
-161,102553.945548833
-160.5,102570.014693172
-160,102579.987899741
-159.5,102583.100259291
-159,102572.336214347
-158.5,102532.666378565
-158,102519.204840104
-157.5,102491.847882454
-157,102455.273120138
-156.5,102443.140017286
-156,102355.876404494
-155.5,102284.260155575
-155,102222.650821089
-154.5,102151.426101988
-154,102106.838375108
-153.5,102053.023336215
-153,101996.019014693
-152.5,101955.177182369
-152,101914.522904062
-151.5,101901.774416595
-151,101852.694900605
-150.5,101834.17545376
-150,101838.026793431
-149.5,101837.663785653
-149,101841.461538462
-148.5,101855.939498704
-148,101886.558340536
-147.5,101928.02852204
-147,101980.970613656
-146.5,102066.748487468
-146,102103.006914434
-145.5,102153.554883319
-145,102199.781331029
-144.5,102256.562662057
-144,102307.134831461
-143.5,102359.398444252
-143,102403.337078652
-142.5,102447.371650821
-142,102479.232497839
-141.5,102527.378565255
-141,102490.386343993
-140.5,102494.814174589
-140,102479.630077787
-139.5,102459.356093345
-139,102430.690579084
-138.5,102386.038893691
-138,102342.190146932
-137.5,102269.673292999
-137,102198.682800346
-136.5,102161.968020744
-136,102067.261884184
-135.5,102001.700086431
-135,101946.243733794
-134.5,101889.339671565
-134,101831.494382023
-133.5,101775.891097666
-133,101727.923941228
-132.5,101700.244598099
-132,101686.715643907
-131.5,101693.465859983
-131,101676.184096802
-130.5,101693.183232498
-130,101717.735522904
-129.5,101747.887640449
-129,101798.064822818
-128.5,101845.774416595
-128,101911.196197062
-127.5,101964.448573898
-127,102017.691443388
-126.5,102103.694036301
-126,102147.583405359
-125.5,102206.269662921
-125,102262.624027658
-124.5,102311.7346586
-124,102353.690579084
-123.5,102387.972342264
-123,102395.687121867
-122.5,102388.611063094
-122,102390.424373379
-121.5,102415.066551426
-121,102357.480553155
-120.5,102321.054451167
-120,102274.691443388
-119.5,102213.762316335
-119,102139.605877269
-118.5,102086.112359551
-118,102025.5713051
-117.5,101954.702679343
-117,101886.383751081
-116.5,101837.666378565
-116,101752.711322385
-115.5,101695.762316335
-115,101655.003457217
-114.5,101615.54278306
-114,101597.247191011
-113.5,101581.727744166
-113,101577.551426102
-112.5,101579.263612792
-112,101593.649956785
-111.5,101640.28781331
-111,101651.955920484
-110.5,101694.512532411
-110,101753.905790838
-109.5,101808.804667243
-109,101860.09593777
-108.5,101919.727744166
-108,101981.713915299
-107.5,102049.435609335
-107,102083.115816768
-106.5,102168.419187554
-106,102181.425237684
-105.5,102213.952463267
-105,102232.692307692
-104.5,102247.406222991
-104,102251
-103.5,102241.720829732
-103,102221.584269663
-102.5,102199.43474503
-102,102157.379429559
-101.5,102144.268798618
-101,102067.286084702
-100.5,102014.680207433
-100,101955.426966292
-99.5,101891.460674157
-99,101818.7346586
-98.5,101771.369057908
-98,101699.743301642
-97.5,101665.522904062
-97,101611.721694036
-96.5,101593.085566119
-96,101549.981849611
-95.5,101528.80812446
-95,101518.117545376
-94.5,101513.934312878
-94,101520.757994814
-93.5,101537.90406223
-93,101558.45721694
-92.5,101589.987035436
-92,101631.707865168
-91.5,101692.089887641
-91,101717.462402766
-90.5,101762.213483146
-90,101818.215211755
-89.5,101870.39585134
-89,101920.011235955
-88.5,101954.923941227
-88,101992.654278306
-87.5,102018.988764045
-87,102040.121866897
-86.5,102077.326707001
-86,102066.229904927
-85.5,102076.038029387
-85,102065.883318929
-84.5,102049.933448574
-84,102024.051858254
-83.5,101986.294727744
-83,101950.816767502
-82.5,101918.410544512
-82,101859.844425238
-81.5,101838.623163354
-81,101767.439930856
-80.5,101720.414001729
-80,101676.308556612
-79.5,101635.86949006
-79,101590.422644771
-78.5,101563.515125324
-78,101535.939498704
-77.5,101504.78565255
-77,101476.585133967
-76.5,101495.765773552
-76,101465.648228176
-75.5,101478.653414002
-75,101490.061365601
-74.5,101509.817631806
-74,101524.327571305
-73.5,101549.960242005
-73,101578.27139153
-72.5,101608.872947277
-72,101644.617977528
-71.5,101691.313742437
-71,101716.053586863
-70.5,101753.741573034
-70,101772.85306828
-69.5,101800.535868626
-69,101834.470181504
-68.5,101850.934312878
-68,101874.166810718
-67.5,101879.557476232
-67,101885.228176318
-66.5,101893.136560069
-66,101869.207433017
-65.5,101863.002592913
-65,101849.101123596
-64.5,101825.165946413
-64,101799.867761452
-63.5,101768.939498704
-63,101730.594641314
-62.5,101695.425237684
-62,101657.793431288
-61.5,101642.043215212
-61,101593.424373379
-60.5,101565.54278306
-60,101522.713915298
-59.5,101485.770095073
-59,101456.296456353
-58.5,101433.804667243
-58,101433.859982714
-57.5,101421.497839239
-57,101409.738980121
-56.5,101406.334485739
-56,101418.275713051
-55.5,101413.770095074
-55,101422.31633535
-54.5,101443.772687986
-54,101461.831460674
-53.5,101484.182368194
-53,101516.597234226
-52.5,101536.805531547
-52,101575.532411409
-51.5,101598.490924806
-51,101628.337942956
-50.5,101661.014693172
-50,101690.004321521
-49.5,101698.300777874
-49,101726.375972342
-48.5,101733.885047537
-48,101734.39585134
-47.5,101739.41227312
-47,101748.675021608
-46.5,101742.248055315
-46,101728.91011236
-45.5,101711.192739844
-45,101702.119273984
-44.5,101665.592912705
-44,101639.58772688
-43.5,101608.954191876
-43,101571.765773552
-42.5,101534.239412273
-42,101499.850475367
-41.5,101477.482281763
-41,101432.942955921
-40.5,101397.312878133
-40,101367.580812446
-39.5,101340.273120139
-39,101320.745030251
-38.5,101306.32843561
-38,101282.066551426
-37.5,101280.905790839
-37,101283.733794296
-36.5,101286.575626621
-36,101284.483146067
-35.5,101310.5306828
-35,101337.681936042
-34.5,101370.733794296
-34,101386.433880726
-33.5,101420.574762316
-33,101454.636992221
-32.5,101612.645635263
-32,101518.272255834
-31.5,101557.547104581
-31,101568.691443388
-30.5,101601.692307692
-30,101617.308556612
-29.5,101647.031979257
-29,101667.500432152
-28.5,101669.057044079
-28,101670.326707001
-27.5,101655.455488332
-27,101636.794295592
-26.5,101628.15298185
-26,101590.979256698
-25.5,101568.297320657
-25,101535.28781331
-24.5,101499.358686258
-24,101450.735522904
-23.5,101419.544511668
-23,101369.269662921
-22.5,101324.385479689
-22,101299.580812446
-21.5,101256.801210026
-21,101227.601555748
-20.5,101191.78565255
-20,101167.51426102
-19.5,101160.112359551
-19,101156.817631807
-18.5,101154.394122731
-18,100989.517718237
-17.5,101174.108038029
-17,101185.962834918
-16.5,101209.643906655
-16,101233.037165082
-15.5,101269.103716508
-15,101311.929127053
-14.5,101340.699222126
-14,101383.284356093
-13.5,101425.416594641
-13,101465.143474503
-12.5,101496.432152118
-12,101532.49178911
-11.5,101548.324978392
-11,101565.380293863
-10.5,101567.304235091
-10,101574.697493518
-9.5,101567.317199654
-9,101557.431287813
-8.5,101535.258426966
-8,101515.076058773
-7.5,101491.05704408
-7,101454.61019879
-6.5,101421.956784788
-6,101370.038893691
-5.5,101335.13050994
-5,101284.370786517
-4.5,101245.877268799
-4,101194.104580812
-3.5,101163.163353501
-3,101129.272255834
-2.5,101093.872947277
-2,101082.210890233
-1.5,101058.856525497
-1,101062.121866897
-0.5,101045.590319793
0,101084.615384616
0.5,101076.392394123
1,101085.893690579
1.5,101109.876404495
2,101143.390665514
2.5,101171.486603285
3,101208.363872083
3.5,101235.45721694
4,101281.918755402
4.5,101323.992221262
5,101356.489196197
5.5,101379.461538462
6,101405.808988764
6.5,101428.777009507
7,101441.522039758
7.5,101452.748487468
8,101448.339671564
8.5,101446.68366465
9,101442.797752809
9.5,101429.534140017
10,101409.579083838
10.5,101374.105445117
11,101338.060501296
11.5,101303.294727744
12,101261.369922213
12.5,101224.939498704
13,101195.614520311
13.5,101146.433880726
14,101125.578219533
14.5,101086.820224719
15,101057.070872947
15.5,101020.694900605
16,100989.77355229
16.5,100984.572169404
17,100973.415730337
17.5,100979.653414002
18,100982.201382887
18.5,100995.585133967
19,101003.235090752
19.5,101030.853932584
20,101054.737251513
20.5,101085.970613656
21,101100.16940363
21.5,101136.646499568
22,101174.173725151
22.5,101209.100259291
23,101232.849611063
23.5,101252.112359551
24,101274.76318064
24.5,101296.573898012
25,101295.337078652
25.5,101313.108902334
26,101328.817631807
26.5,101329.592048401
27,101313.56525497
27.5,101297.896283492
28,101287.154710458
28.5,101264.044079516
29,101229.370786517
29.5,101217.484874676
30,101184.420916163
30.5,101148.817631807
31,101127.468452896
31.5,101087.44684529
32,101044.620570441
32.5,101012.511668107
33,100986.696629213
33.5,100973.17545376
34,100963.443388073
34.5,100940.121002593
35,100935.091616249
35.5,100927.295592048
36,100936.806395851
36.5,100935.694036301
37,100943.203111495
37.5,100956.22039758
38,100957.909248055
38.5,100983.425237684
39,100999.343128781
39.5,101017.092480553
40,101030.21434745
40.5,101061.701815039
41,101076.133102852
41.5,101107.630942092
42,101125.392394123
42.5,101149.675885912
43,101159.569576491
43.5,101178.433880726
44,101170.348314607
44.5,101170.263612792
45,101179.070872947
45.5,101163.802938634
46,101159.649092481
46.5,101155.745030251
47,101129.771823682
47.5,101119.911840968
48,101109.673292999
48.5,101084.630077787
49,101069.910976664
49.5,101047.171132239
50,101015.527225583
50.5,100994.474503025
51,100973.276577355
51.5,100954.354364736
52,100934.444252377
52.5,100915.885911841
53,100909.351771824
53.5,100895.542783059
54,100889.795159896
54.5,100865.904926534
55,100871.254969749
55.5,100873.197061365
56,100869.72255834
56.5,100882.24286949
57,100887.151253241
57.5,100891.651685393
58,100906.633535004
58.5,100928.121002593
59,100950.609334486
59.5,100959.270527225
60,100974.458081245
60.5,100991.00605013
61,101008.589455488
61.5,101018.081244598
62,101020.363872083
62.5,101038.732929991
63,101055.084701815
63.5,101060.518582541
64,101055.081244598
64.5,101054.391529819
65,101058.106309421
65.5,101044.641313743
66,101043.164217805
66.5,101033.039757995
67,101011.137424373
67.5,101002.178910977
68,100974.994814175
68.5,100962.628349179
69,100935.605012964
69.5,100921.127052722
70,100892.849611063
70.5,100868.838375108
71,100855.639585134
71.5,100839.820224719
72,100817.256698358
72.5,100799.558340536
73,100788.182368193
73.5,100780.189282627
74,100777.738115817
74.5,100765.000864304
75,100775.923076923
75.5,100775.256698358
76,100784.43474503
76.5,100784.280898876
77,100796.867761452
77.5,100806.633535004
78,100837.542783059
78.5,100839.082973206
79,100862.137424373
79.5,100886.253241141
80,100902.232497839
80.5,100917.776145203
81,100935.528954192
81.5,100948.756266206
82,100968.988764045
82.5,100974.098530683
83,100988.666378565
83.5,100978.691443388
84,100978.924805532
84.5,100975.992221262
85,100966.245462402
85.5,100955.811581677
86,100933.387208297
86.5,100915.28176318
87,100899.72255834
87.5,100873.810717372
88,100848.710458081
88.5,100822.974935177
89,100802.609334486
89.5,100772.036300778
90,100746.137424373
90.5,100730.346585998
91,100709.841832325
91.5,100686.929991357
92,100679.427830596
92.5,100667.315471046
93,100666.891961971
93.5,100656.941227312
94,100654.229040622
94.5,100661.548833189
95,100676.283491789
95.5,100683.31028522
96,100696.414001729
96.5,100722.423509075
97,100744.136560069
97.5,100763.929127053
98,100784.984442524
98.5,100808.780466724
99,100832.233362143
99.5,100845.635263613
100,100866.695764909
100.5,100883.726015557
101,100889.704407952
101.5,100893.424373379
102,100902.452895419
102.5,100903.659464131
103,100894.613656007
103.5,100882.018150389
104,100878.459809853
104.5,100856.862575627
105,100828.647363872
105.5,100821.002592913
106,100788.978392394
106.5,100760.275713051
107,100732.462402766
107.5,100711.326707001
108,100677.579948142
108.5,100660.314606742
109,100635.428694901
109.5,100614.164217805
110,100599.503025065
110.5,100587.024200519
111,100578.37337943
111.5,100570.68366465
112,100571.453759724
112.5,100574.681071738
113,100584.951598963
113.5,100589.878133103
114,100606.51426102
114.5,100619.611063094
115,100639.659464131
115.5,100667.997407087
116,100690.264477096
116.5,100702.40622299
117,100721.704407952
117.5,100745.382886776
118,100758.624891962
118.5,100764.337942956
119,100786.070872947
119.5,100803.295592048
120,100805.646499568
120.5,100805.371650821
121,100802.639585134
121.5,100799.891097666
122,100785.06741573
122.5,100770.90406223
123,100755.519446845
123.5,100722.713915298
124,100689.170267934
124.5,100666.069144339
125,100641.002592913
125.5,100600.827139153
126,100554.180639586
126.5,100518.478824547
127,100471.671564391
127.5,100416.330164218
128,100348.899740709
128.5,100286.108902334
129,100226.363872083
129.5,100169.212618842
130,100110.364736387
130.5,100046.024200519
131,99988.9956784789
131.5,99930.3146067416
132,99885.8098530683
132.5,99847.8617113224
133,99824.4096802075
133.5,99780.2471910113
134,99746.8608470182
134.5,99699.6240276578
135,99658.5375972345
135.5,99619.0060501299
136,99599.7035436476
136.5,99576.3111495248
137,99540.1797752812
137.5,99519.2169403631
138,99474.9057908387
138.5,99441.980985307
139,99393.3923941229
139.5,99363.6793431289
140,99335.0829732065
140.5,99296.482281763
141,99247.9472774416
141.5,99200.9740708728
142,99130.6776145202
142.5,99082.6897147796
143,99035.3811581677
143.5,98988.5350043216
144,98945.3768366465
144.5,98881.5980985308
145,98818.470181504
145.5,98751.7286084705
146,98687.8504753677
146.5,98624.7510803808
147,98564.4503025066
147.5,98508.5315471049
148,98442.2229904926
148.5,98355.7726879859
149,98267.953327571
149.5,98184.8789974071
150,98114.3137424373
150.5,98055.1780466726
151,97986.6741573035
151.5,97912.9204840107
152,97823.9827139155
152.5,97721.2178046672
153,97636.6041486603
153.5,97575.1797752807
154,97527.6136560067
154.5,97492.3612791699
155,97462.4269662918
155.5,97433.743301642
156,97411.5514261017
156.5,97403.2489196195
157,97406.831460674
157.5,97433.364736387
158,97471.6655142609
158.5,97506.3898012099
159,97550.3517718235
159.5,97592.6551426101
160,97643.4624027658
160.5,97711.6119273985
161,97767.4840103717
161.5,97852.0916162492
162,97931.7830596371
162.5,98013.3215211757
163,98101.8159031979
163.5,98157.0216076059
164,98248.7735522904
164.5,98327.8919619703
165,98420.5194468453
165.5,98497.3872082974
166,98560.6179775285
166.5,98566.5315471048
167,98592.134831461
167.5,98630.1261884186
168,98668.9870354368
168.5,98733.6758859123
169,98775.3215211757
169.5,98848.9490060505
170,98923.9127052724
170.5,99008.1840968021
171,99105.8288677613
171.5,99238.426966292
172,99365.5678478824
172.5,99492.4321521175
173,99623.3543647366
173.5,99753.4598098532
174,99878.1296456353
174.5,100026.46326707
175,100161.216940363
175.5,100287.610198791
176,100432.608470182
176.5,100559.141745895
177,100701.554883319
177.5,100830.097666378
178,100976.28781331
178.5,101115.827139153
179,101260.19187554
179.5,101396.862575627
180,101536.636992221
180.5,101667.299049265
181,101801.595505618
181.5,101945.643906655
182,102074.525496975
182.5,102203.141745895
183,102310.106309421
183.5,102440.165946413
184,102543.512532411
184.5,102640.61019879
185,102722.844425238
185.5,102804.050129645
186,102888.726015557
186.5,102937.863439931
187,102987.599827139
187.5,103038.218668972
188,103076.060501297
188.5,103114.353500432
189,103126.678478825
189.5,103127.365600692
190,103120.122731202
190.5,103101.006914434
191,103081.914433881
191.5,103062.790838375
192,103008.05704408
192.5,102959.78565255
193,102932.421780467
193.5,102852.388936906
194,102769.867761452
194.5,102703.474503025
195,102597.853932584
195.5,102489.465859983
196,102380.947277442
196.5,102252.81417459
197,102116.551426102
197.5,101983.189282628
198,101837.415730337
198.5,101632.686257563
199,101480.936041487
199.5,101312.032843561
200,101126.232497839
200.5,100962.369057908
201,100810.980121002
201.5,100657.410544512
202,100512.696629214
202.5,100386.010371651
203,100252.468452896
203.5,100112.61624892
204,100014.046672429
204.5,99882.5237683665
205,99738.300777874
205.5,99627.3491789111
206,99490.6266205706
206.5,99360.3716508211
207,99246.2057044077
207.5,99128.0302506481
208,98987.3975799481
208.5,98873.1858254108
209,98768.1339671568
209.5,98652.234226448
210,98575.7951598966
210.5,98491.7847882454
211,98398.7476231631
211.5,98360.1996542782
212,98320.5756266203
212.5,98275.8660328434
213,98243.4295592047
213.5,98220.1996542781
214,98198.4269662921
214.5,98177.9273984443
215,98169.6767502161
215.5,98153.2316335351
216,98146.3906655144
216.5,98165.5522904063
217,98159.7337942958
217.5,98158.4900605014
218,98175.4278305965
218.5,98182.2074330164
219,98213.636127917
219.5,98247.3595505617
220,98282.6732929992
220.5,98339.97147796
221,98400.327571305
221.5,98469.9835782196
222,98538.7675021609
222.5,98634.7787381161
223,98716.1158167679
223.5,98788.1918755404
224,98897.6283491791
224.5,98993.0708729472
225,99086.2411408816
225.5,99194.2575626618
226,99285.0242005185
226.5,99394.1875540191
227,99496.2878133104
227.5,99615.8807260157
228,99722.02852204
228.5,99845.8859118411
229,99978.8867761452
229.5,100101.918755402
230,100257.260155575
230.5,100390.041486604
231,100530.765773553
231.5,100688.813310285
232,100831.101987899
232.5,100968.916162489
233,101099.609334486
233.5,101257.061365601
234,101384.789109767
234.5,101520.297320657
235,101642.80207433
235.5,101764.694900605
236,101865.612791703
236.5,101981.66119274
237,102096.311149525
237.5,102182.519446845
238,102287.940363008
238.5,102368.720829732
239,102470.511668107
239.5,102555.59809853
240,102632.183232498
240.5,102712.25929127
241,102766.438202247
241.5,102828.582541054
242,102875.886776145
242.5,102903.676750216
243,102934.199654278
243.5,102955.274848747
244,102960.498703544
244.5,102963.561797753
245,102952.745894555
245.5,102939.034572169
246,102903.171132239
246.5,102876.927398444
247,102832.54710458
247.5,102793.866032843
248,102755.14088159
248.5,102705.273984442
249,102655.117545376
249.5,102593.605012964
250,102538.697493518
250.5,102486.829732066
251,102409.125324114
251.5,102334.63872083
252,102261.024200519
252.5,102166.524632671
253,102079.774416595
253.5,101988.362143475
254,101888.722558341
254.5,101799.501296457
255,101709.589455488
255.5,101606.77355229
256,101509.004321521
256.5,101418.758859119
257,101323.199654278
257.5,101243.88159032
258,101155.228176318
258.5,101096.305099395
259,101008.333621435
259.5,100949.653414002
260,100881.953327571
260.5,100822.181503889
261,100756.80207433
261.5,100705.890233362
262,100663.969749352
262.5,100602.756266206
263,100567.364736387
263.5,100534.16940363
264,100493.698357822
264.5,100451.745894555
265,100430.275713051
265.5,100406.114952463
266,100384.306828004
266.5,100377.224719101
267,100374.461538462
267.5,100380.431287814
268,100387.658599828
268.5,100413.701815039
269,100432.104580813
269.5,100474.445116681
270,100512.837510804
270.5,100546.596369922
271,100595.585998272
271.5,100643.409680207
272,100711.474503025
272.5,100766.127917027
273,100824.834053587
273.5,100884.56525497
274,100947.24891962
274.5,101015.789974071
275,101101.72860847
275.5,101171.547104581
276,101259
276.5,101344.467588591
277,101439.337078652
277.5,101541.566119274
278,101641.278305964
278.5,101744.519446845
279,101849.352636128
279.5,101962.833189283
280,102071.334485739
280.5,102166.501296457
281,102268.957649092
281.5,102367.33275713
282,102461.682800346
282.5,102549.048401037
283,102624.923941227
283.5,102709.414001728
284,102799.096802074
284.5,102879.893690579
285,102957.030250648
285.5,103015.870354365
286,103091.44684529
286.5,103151.38980121
287,103208.739844425
287.5,103260.394987035
288,103318.339671564
288.5,103347.663785652
289,103377.332757131
289.5,103402.419187554
290,103413.915298185
290.5,103409.847882455
291,103400.222990493
291.5,103393.467588591
292,103372.670700087
292.5,103341.198789974
293,103311.543647364
293.5,103281.315471046
294,103236.700086431
294.5,103201.064822818
295,103135.204840104
295.5,103086.403630078
296,103019.727744166
296.5,102958.749351772
297,102887.592912705
297.5,102806.090751944
298,102734.697493518
298.5,102644.656871218
299,102564.314606741
299.5,102479.09593777
300,102380.725151253
300.5,102312.749351772
301,102242.108902334
301.5,102164.598098531
302,102105.216076059
302.5,102032.321521176
303,101967.132238548
303.5,101927.619706137
304,101852.772687986
304.5,101816.383751081
305,101771.102852204
305.5,101742.19187554
306,101697.534140017
306.5,101659.194468453
307,101641.770095073
307.5,101605.764044944
308,101596.953327571
308.5,101589.995678479
309,101597.313742437
309.5,101615.521175454
310,101631.045808124
310.5,101666.784788245
311,101710.713915298
311.5,101759.891097667
312,101815.082973207
312.5,101890.453759724
313,101964.227312014
313.5,102044.250648228
314,102112.042350908
314.5,102191.523768367
315,102281.433880726
315.5,102375.94295592
316,102467.318928263
316.5,102551.160760588
317,102645.335350043
317.5,102720.35522904
318,102820.827139153
318.5,102900.927398444
319,102991.401901469
319.5,103072.455488332
320,103133.46326707
320.5,103218.961970614
321,103283.617113224
321.5,103333.357821953
322,103387.768366465
322.5,103424.251512532
323,103451.78565255
323.5,103462.939498704
324,103463.180639585
324.5,103451.407087295
325,103424.343993086
325.5,103398.314606742
326,103355.784788246
326.5,103300.528089888
327,103245.733794296
327.5,103185.112359551
328,103105.735522904
328.5,103043.717372515
329,102959.602420052
329.5,102872.731201383
330,102793.748487467
330.5,102697.354364736
331,102605.771823682
331.5,102526.266205704
332,102432.993085566
332.5,102350.439066551
333,102279.263612792
333.5,102224.29386344
334,102150.384615385
334.5,102110.660328436
335,102061.156439067
335.5,102031.631806396
336,101998.902333621
336.5,101992.958513397
337,101966.523768367
337.5,101986.053586863
338,101998.399308557
338.5,102013.724286949
339,102056.264477096
339.5,102103.285220398
340,102157.219533276
340.5,102216.744165947
341,102282.483146068
341.5,102353.523768366
342,102434.144338807
342.5,102508.235090752
343,102599.305099395
343.5,102690.927398444
344,102768.424373379
344.5,102836.999135696
345,102911.92048401
345.5,102984.380293863
346,103039.375108038
346.5,103098.521175454
347,103144.541918755
347.5,103181.353500432
348,103207.172860847
348.5,103218.886776145
349,103222.161624892
349.5,103220.421780467
350,103215.625756266
350.5,103194.280034572
351,103165.834053587
351.5,103125.015557476
352,103083.387208297
352.5,103042.331028522
353,102953.945548833
353.5,102905.44079516
354,102844.125324114
354.5,102772.057044079
355,102695.055315471
355.5,102630.8980121
356,102571.665514261
356.5,102525.351771824
357,102475.051858254
357.5,102447.957649093
358,102433.809853068
358.5,102419.414001729
359,102406.74070873
359.5,102411.305963699

