(-360       96070.2783059636)
(-359.5       96051.8401037165)
(-359       96042.8357821954)
(-358.5       96008.0864304234)
(-358       95981.2316335349)
(-357.5       95935.084701815)
(-357       95880.6940363007)
(-356.5       95811.8098530683)
(-356       95746.7571305098)
(-355.5       95668.3785652551)
(-355       95580.44079516)
(-354.5       95480.3180639586)
(-354       95357.2929991358)
(-353.5       95232.3007778739)
(-353       95078.7510803804)
(-352.5       94902.095073466)
(-352       94687.6274848747)
(-351.5       94463.0708729473)
(-351       94199.8081244596)
(-350.5       93916.2566983577)
(-350       93579.033707865)
(-349.5       93244.4572169403)
(-349       92946.4347450303)
(-348.5       92772.2999135696)
(-348       92624.2783059636)
(-347.5       92514.4485738981)
(-347       92446.9438202248)
(-346.5       92414.7675021608)
(-346       92401.724286949)
(-345.5       92437.5350043216)
(-345       92537.1339671565)
(-344.5       92647.8435609333)
(-344       92808.4278305964)
(-343.5       92973.8003457217)
(-343       93130.2947277441)
(-342.5       93227.5099394985)
(-342       93308.7536732927)
(-341.5       93390.519446845)
(-341       93514.3258426965)
(-340.5       93654.1927398442)
(-340       93804.3111495245)
(-339.5       93905.8193604148)
(-339       93993.6352636129)
(-338.5       94093.6136560069)
(-338       94213.2203975798)
(-337.5       94305.6715643906)
(-337       94416.3604148659)
(-336.5       94496.2350907519)
(-336       94563.2895419188)
(-335.5       94625.1521175454)
(-335       94696.0648228175)
(-334.5       94724.9567847884)
(-334       94742.871218669)
(-333.5       94772.3906655144)
(-333       94811.5047536734)
(-332.5       94829.9515989629)
(-332       94829.083837511)
(-331.5       94787.2342264479)
(-331       94747.9282627485)
(-330.5       94708.6050129646)
(-330       94675.5548833189)
(-329.5       94621.445116681)
(-329       94561.4036300778)
(-328.5       94498.5410544512)
(-328       94425.0008643042)
(-327.5       94356.9412273121)
(-327       94290.8426966291)
(-326.5       94218.97147796)
(-326       94157.1642178046)
(-325.5       94095.9135695764)
(-325       94046.2411408816)
(-324.5       93982.0233362142)
(-324       93917.0017286085)
(-323.5       93856.1114952463)
(-323       93785.9628349178)
(-322.5       93744.125324114)
(-322       93676.1011235954)
(-321.5       93603.2031114951)
(-321       93538.9619706135)
(-320.5       93492.8426966289)
(-320       93451.5073465859)
(-319.5       93414.9818496109)
(-319       93373.7156439065)
(-318.5       93329.1832324977)
(-318       93295.0786516852)
(-317.5       93267.1339671563)
(-317       93236.7381158168)
(-316.5       93221.0501296458)
(-316       93196.5894554883)
(-315.5       93168.4183232499)
(-315       93155.1149524633)
(-314.5       93155.0976663788)
(-314       93122.117545376)
(-313.5       93099.0138288677)
(-313       93079.1970613654)
(-312.5       93061.9974070874)
(-312       93061.6188418323)
(-311.5       93054.8703543649)
(-311       93028.3837510803)
(-310.5       93009.7199654279)
(-310       92999.1192739846)
(-309.5       92997.0890233362)
(-309       93010.2108902334)
(-308.5       93017.0267934313)
(-308       93008.249783924)
(-307.5       93011.0025929125)
(-307       93021.8945548834)
(-306.5       93059.5324114088)
(-306       93014.3906655141)
(-305.5       92975.7139152981)
(-305       92952.4857389801)
(-304.5       92939.981849611)
(-304       92947.3975799481)
(-303.5       92941.9170267934)
(-303       92931.5790838375)
(-302.5       92918.8668971477)
(-302       92931.7934312879)
(-301.5       92957.4347450303)
(-301       92917.0129645635)
(-300.5       92898.9317199652)
(-300       92898.323249784)
(-299.5       92890.0414866032)
(-299       92884.0561797752)
(-298.5       92885.6793431289)
(-298       92889.9628349179)
(-297.5       92865.5280898876)
(-297       92857.9248055315)
(-296.5       92899.7744165944)
(-296       92856.6343993085)
(-295.5       92839.5972342264)
(-295       92814.970613656)
(-294.5       92800.0069144337)
(-294       92782.7035436473)
(-293.5       92774.0821089023)
(-293       92767.3621434745)
(-292.5       92748.0190146932)
(-292       92733.0060501296)
(-291.5       92770.5159896283)
(-291       92728.3232497839)
(-290.5       92704.6940363006)
(-290       92702.8167675021)
(-289.5       92691.471045808)
(-289       92666.7579948141)
(-288.5       92648.0760587726)
(-288       92643.710458081)
(-287.5       92610.2264477096)
(-287       92599.3949870353)
(-286.5       92614.7554019015)
(-286       92578.4606741573)
(-285.5       92560.09593777)
(-285       92539.0138288678)
(-284.5       92526.3880726016)
(-284       92508.6369922213)
(-283.5       92499.4416594643)
(-283       92481.102852204)
(-282.5       92469.7951598963)
(-282       92446.7554019016)
(-281.5       92468.1780466724)
(-281       92423.794295592)
(-280.5       92390.9507346586)
(-280       92369.9420916165)
(-279.5       92349.5643906657)
(-279       92326.8833189285)
(-278.5       92311.7718236821)
(-278       92301.0639585134)
(-277.5       92269.4822817632)
(-277       92247.0855661194)
(-276.5       92273.9187554019)
(-276       92251.8530682802)
(-275.5       92242.8133102853)
(-275       92238.5782195331)
(-274.5       92235.5946413137)
(-274       92229.9688850476)
(-273.5       92238.5393258426)
(-273       92245.2013828869)
(-272.5       92237.3111495246)
(-272       92208.9576490924)
(-271.5       92247.2186689714)
(-271       92196.2705272255)
(-270.5       92189.6188418322)
(-270       92170.1469317199)
(-269.5       92163.7891097666)
(-269       92166.7614520311)
(-268.5       92155.8789974069)
(-268       92171.680207433)
(-267.5       92163.4762316335)
(-267       92151.5021607605)
(-266.5       92169.5272255835)
(-266       92153.2575626618)
(-265.5       92152.3336214346)
(-265       92165.3033707865)
(-264.5       92156.7363872082)
(-264       92162.4606741571)
(-263.5       92158.0129645635)
(-263       92158.0293863439)
(-262.5       92156.2895419186)
(-262       92159.4589455488)
(-261.5       92165.5799481417)
(-261       92127.1391529817)
(-260.5       92127.1745894555)
(-260       92114.5410544512)
(-259.5       92124.9835782194)
(-259       92136.7675021606)
(-258.5       92139.4649956784)
(-258       92144.8988764044)
(-257.5       92165.6508210891)
(-257       92175.3656006916)
(-256.5       92208.1348314605)
(-256       92178.14693172)
(-255.5       92193.8720829732)
(-255       92199.2160760588)
(-254.5       92198.0017286086)
(-254       92201.2342264477)
(-253.5       92205.2558340536)
(-253       92224.4027657736)
(-252.5       92237.1071737252)
(-252       92235.9818496111)
(-251.5       92267.6732929993)
(-251       92242.0466724287)
(-250.5       92232.554883319)
(-250       92245.249783924)
(-249.5       92242.2160760589)
(-249       92253.5514261022)
(-248.5       92261.6300777876)
(-248       92265.8055315473)
(-247.5       92282.7493517719)
(-247       92284.3180639586)
(-246.5       92320.5566119276)
(-246       92285.9291270529)
(-245.5       92283.2411408818)
(-245       92297.9706136561)
(-244.5       92297.4425237687)
(-244       92286.9680207435)
(-243.5       92297.0034572172)
(-243       92299.5367329301)
(-242.5       92321.962834918)
(-242       92326.8850475369)
(-241.5       92366.165082109)
(-241       92340.649956785)
(-240.5       92353.3344857393)
(-240       92361.3785652551)
(-239.5       92378.135695765)
(-239       92382.7752808989)
(-238.5       92385.3802938635)
(-238       92389.5401901472)
(-237.5       92394.7113223857)
(-237       92415.1901469319)
(-236.5       92439.3777009507)
(-236       92414.7968885049)
(-235.5       92419.8850475368)
(-235       92426.5592048402)
(-234.5       92439.7502160762)
(-234       92461.5401901471)
(-233.5       92455.9671564391)
(-233       92461.1555747625)
(-232.5       92484.246326707)
(-232       92493.3457216941)
(-231.5       92524.3223854797)
(-231       92503.014693172)
(-230.5       92505.6551426102)
(-230       92510.7216940363)
(-229.5       92511.0492653415)
(-229       92522.3681936041)
(-228.5       92518.7484874676)
(-228       92517.6923076924)
(-227.5       92518.1521175453)
(-227       92519.3569576491)
(-226.5       92549.4848746759)
(-226       92548.9230769232)
(-225.5       92561.4390665513)
(-225       92570.0639585134)
(-224.5       92590.2178046672)
(-224       92612.9878997406)
(-223.5       92621.9835782196)
(-223       92633.5211754538)
(-222.5       92644.1711322386)
(-222       92659.0181503889)
(-221.5       92684.3050993949)
(-221       92656.3431287812)
(-220.5       92665.3025064822)
(-220       92678.1244598098)
(-219.5       92690.0354364736)
(-219       92694.6421780466)
(-218.5       92699.8141745894)
(-218       92710.4736387208)
(-217.5       92717.7752808988)
(-217       92725.0656871218)
(-216.5       92757.0380293863)
(-216       92747.0458081242)
(-215.5       92753.1892826274)
(-215       92765.1158167675)
(-214.5       92765.5877268798)
(-214       92784.6974935177)
(-213.5       92792.6387208298)
(-213       92796.1555747625)
(-212.5       92803.0285220398)
(-212       92813.5056179776)
(-211.5       92842.665514261)
(-211       92818.176318064)
(-210.5       92807.6439066552)
(-210       92827.6300777874)
(-209.5       92836.4451166811)
(-209       92855.2765773553)
(-208.5       92874.668971478)
(-208       92882.0216076058)
(-207.5       92907.2031114953)
(-207       92917.1521175455)
(-206.5       92950.4684528953)
(-206       92940.0570440794)
(-205.5       92960.5851339671)
(-205       92964.1806395851)
(-204.5       92973.8764044943)
(-204       92979.4814174589)
(-203.5       92989.1711322386)
(-203       92999.580812446)
(-202.5       93020.8651685393)
(-202       93018.7882454624)
(-201.5       93056.4606741574)
(-201       93037.0311149525)
(-200.5       93038.5496974935)
(-200       93054.9420916164)
(-199.5       93063.8919619706)
(-199       93068.3448573897)
(-198.5       93073.4399308556)
(-198       93091.9127052722)
(-197.5       93096.5505617978)
(-197       93107.4165946413)
(-196.5       93136.386343993)
(-196       93120.7424373381)
(-195.5       93122.713050994)
(-195       93126.8772687985)
(-194.5       93131.2947277442)
(-194       93136.713050994)
(-193.5       93136.3993085566)
(-193       93144.6369922211)
(-192.5       93157.5704407952)
(-192       93184.6309420915)
(-191.5       93222.3638720829)
(-191       93202.9835782195)
(-190.5       93214.1953327571)
(-190       93228.275713051)
(-189.5       93246.5410544511)
(-189       93253.283491789)
(-188.5       93256.1979256697)
(-188       93259.4053586862)
(-187.5       93272.1002592912)
(-187       93270.2203975798)
(-186.5       93315.3880726014)
(-186       93291.8254105444)
(-185.5       93307.5617977527)
(-185       93314.0535868623)
(-184.5       93320.2420051858)
(-184       93329.8945548831)
(-183.5       93337.3163353497)
(-183       93342.959377701)
(-182.5       93359.0501296455)
(-182       93357.8046672427)
(-181.5       93392.3292999133)
(-181       93378.3630077788)
(-180.5       93383.5159896281)
(-180       93387.3336214346)
(-179.5       93390.8962834917)
(-179       93409.919619706)
(-178.5       93408.2307692306)
(-178       93407.364736387)
(-177.5       93420.6041486601)
(-177       93430.5877268795)
(-176.5       93456.497839239)
(-176       93440.2281763177)
(-175.5       93444.0829732063)
(-175       93478.3656006911)
(-174.5       93485.4191875538)
(-174       93498.2005185823)
(-173.5       93516.4779602419)
(-173       93525.1339671562)
(-172.5       93542.239412273)
(-172       93550.6931719963)
(-171.5       93590.3785652547)
(-171       93557.3292999134)
(-170.5       93575.9075194467)
(-170       93580.765773552)
(-169.5       93599.7458945547)
(-169       93601.717372515)
(-168.5       93594.0146931718)
(-168       93592.8772687984)
(-167.5       93595.9878997405)
(-167       93584.8910976663)
(-166.5       93615.4096802074)
(-166       93588.5306828001)
(-165.5       93566.8236819359)
(-165       93561.607605877)
(-164.5       93552.4407951598)
(-164       93546.644770959)
(-163.5       93546.9740708729)
(-163       93528.5237683661)
(-162.5       93523.3336214346)
(-162       93522.3457216938)
(-161.5       93532.1166810714)
(-161       93494.0985306826)
(-160.5       93478.7856525495)
(-160       93464.5877268797)
(-159.5       93448.8945548832)
(-159       93438.7182368191)
(-158.5       93419.7104580812)
(-158       93381.0250648226)
(-157.5       93356.0328435609)
(-157       93327.0535868623)
(-156.5       93307.3656006912)
(-156       93264.5220397579)
(-155.5       93223.5868625756)
(-155       93174.525496975)
(-154.5       93146.4857389802)
(-154       93121.2541054451)
(-153.5       93083.5159896286)
(-153       93051.8556611926)
(-152.5       93020.4969749352)
(-152       92999.3923941227)
(-151.5       92988.4019014694)
(-151       92947.3984442524)
(-150.5       92924.3327571306)
(-150       92904.3025064823)
(-149.5       92884.2471910112)
(-149       92863.5341400172)
(-148.5       92835.3327571303)
(-148       92815.8409680207)
(-147.5       92788.6646499568)
(-147       92771.4243733794)
(-146.5       92784.7450302507)
(-146       92758.8694900605)
(-145.5       92756.7597234225)
(-145       92728.7104580812)
(-144.5       92728.9662921348)
(-144       92720.9429559204)
(-143.5       92707.900605013)
(-143       92709.691443388)
(-142.5       92731.1166810718)
(-142       92735.1261884183)
(-141.5       92773.1529818495)
(-141       92762.5514261019)
(-140.5       92771.3232497839)
(-140       92773.6707000866)
(-139.5       92778.8686257561)
(-139       92807.5159896282)
(-138.5       92834.691443388)
(-138       92852.9740708729)
(-137.5       92860.8452895419)
(-137       92878.9161624893)
(-136.5       92917.7562662056)
(-136       92903.6473638722)
(-135.5       92941.4770959378)
(-135       92958.8962834918)
(-134.5       92981.8159031978)
(-134       93009.5782195333)
(-133.5       93035.4572169403)
(-133       93053.8781331029)
(-132.5       93068.6041486602)
(-132       93081.7709593779)
(-131.5       93137.1045808124)
(-131       93133.3759723424)
(-130.5       93170.786516854)
(-130       93197.5972342264)
(-129.5       93224.0665514261)
(-129       93237.3725151251)
(-128.5       93238.9913569575)
(-128       93253.074330164)
(-127.5       93276.6119273981)
(-127       93297.6672428692)
(-126.5       93348.7355229039)
(-126       93332.9956784785)
(-125.5       93344.5859982713)
(-125       93363.8314606741)
(-124.5       93375.5246326705)
(-124       93388.6629213481)
(-123.5       93422.684528954)
(-123       93441.560069144)
(-122.5       93466.7657735522)
(-122       93493.8141745892)
(-121.5       93542.1175453758)
(-121       93522.0501296454)
(-120.5       93535.857389801)
(-120       93563.9541918753)
(-119.5       93594.7813310284)
(-119       93636.0950734656)
(-118.5       93668.0345721692)
(-118       93676.1132238546)
(-117.5       93697.6568712185)
(-117       93714.188418323)
(-116.5       93762.1642178044)
(-116       93743.4416594641)
(-115.5       93759.172860847)
(-115       93778.9248055314)
(-114.5       93781.4537597233)
(-114       93797.3811581675)
(-113.5       93804.7986171133)
(-113       93785.0786516852)
(-112.5       93775.7355229039)
(-112       93769.4174589454)
(-111.5       93800.7960242002)
(-111       93769.4831460674)
(-110.5       93755.9982713913)
(-110       93757.7225583403)
(-109.5       93740.2826274847)
(-109       93732.9680207432)
(-108.5       93730.2636127915)
(-108       93748.541054451)
(-107.5       93761.279170268)
(-107       93772.4745030249)
(-106.5       93808.3396715643)
(-106       93781.2471910112)
(-105.5       93810.415730337)
(-105       93828.0077787381)
(-104.5       93858.0803802937)
(-104       93883.9680207434)
(-103.5       93901.9904926534)
(-103       93941.4710458081)
(-102.5       93971.8755401903)
(-102       93986.1201382886)
(-101.5       94039.5825410544)
(-101       94024.7752808988)
(-100.5       94049.3923941227)
(-100       94077.8046672427)
(-99.5       94105.0484010372)
(-99       94113.9152981849)
(-98.5       94103.1391529817)
(-98       94105.8772687983)
(-97.5       94111.1192739843)
(-97       94120.9904926532)
(-96.5       94143.6905790837)
(-96       94094.2964563526)
(-95.5       94084.699222126)
(-95       94066.6153846153)
(-94.5       94042.2091616248)
(-94       94023.7562662057)
(-93.5       94000.9040622297)
(-93       93979.2307692308)
(-92.5       93966.4710458083)
(-92       93960.3275713052)
(-91.5       93975.9464131374)
(-91       93913.9317199653)
(-90.5       93899.4762316335)
(-90       93892.8945548832)
(-89.5       93887.7199654278)
(-89       93898.0138288676)
(-88.5       93893.6404494381)
(-88       93907.2342264477)
(-87.5       93906.0864304236)
(-87       93929.4943820223)
(-86.5       93974.430423509)
(-86       93971.2385479687)
(-85.5       93994.8746758859)
(-85       94031.3050993951)
(-84.5       94054.5496974935)
(-84       94088.5211754537)
(-83.5       94117.1823681935)
(-83       94135.7502160759)
(-82.5       94158.8859118409)
(-82       94176.4278305962)
(-81.5       94234.2826274846)
(-81       94231.7804667242)
(-80.5       94256.699222126)
(-80       94270.4511668105)
(-79.5       94266.4131374241)
(-79       94264.3777009505)
(-78.5       94258.3189282626)
(-78       94259.5315471044)
(-77.5       94252.3042350905)
(-77       94252.147796024)
(-76.5       94262.1158167674)
(-76       94209.4477095936)
(-75.5       94188.7588591182)
(-75       94166.2489196194)
(-74.5       94148.4157303368)
(-74       94132.5272255833)
(-73.5       94113.5652549697)
(-73       94101.4883318928)
(-72.5       94089.3984442522)
(-72       94080.4036300778)
(-71.5       94092.7562662054)
(-71       94041.8617113223)
(-70.5       94043.4580812444)
(-70       94046.8228176318)
(-69.5       94056.8124459809)
(-69       94072.2921348315)
(-68.5       94080.3085566119)
(-68       94080.4736387208)
(-67.5       94101.6318063957)
(-67       94122.4459809852)
(-66.5       94153.846153846)
(-66       94167.7994814173)
(-65.5       94191.5324114088)
(-65       94210.6300777872)
(-64.5       94234.2359550559)
(-64       94262.9757994813)
(-63.5       94284.6828003455)
(-63       94294.6871218669)
(-62.5       94310.4632670698)
(-62       94329.9325842695)
(-61.5       94369.8280034573)
(-61       94353.1927398445)
(-60.5       94355.7363872083)
(-60       94349.8625756264)
(-59.5       94352.4788245462)
(-59       94355.9654278306)
(-58.5       94354.2722558341)
(-58       94354.7070008641)
(-57.5       94342.7242869489)
(-57       94325.7165082108)
(-56.5       94323.0492653414)
(-56       94297.0535868625)
(-55.5       94284.2713915298)
(-55       94272.912705272)
(-54.5       94265.669835782)
(-54       94252.9239412271)
(-53.5       94250.886776145)
(-53       94237.7458945548)
(-52.5       94221.3267070006)
(-52       94223.0656871217)
(-51.5       94219.3543647362)
(-51       94217.5911840967)
(-50.5       94220.4321521175)
(-50       94214.0155574761)
(-49.5       94225.1858254105)
(-49       94226.7554019012)
(-48.5       94227.3820224717)
(-48       94249.3050993948)
(-47.5       94260.7312013827)
(-47       94273.4753673291)
(-46.5       94293.2929991355)
(-46       94300.919619706)
(-45.5       94314.3681936041)
(-45       94317.0682800346)
(-44.5       94325.5617977527)
(-44       94347.6205704408)
(-43.5       94364.6871218669)
(-43       94385.2800345723)
(-42.5       94389.5350043215)
(-42       94409.2999135695)
(-41.5       94418.5704407951)
(-41       94420.7744165945)
(-40.5       94419.90406223)
(-40       94434.4762316335)
(-39.5       94436.0337078652)
(-39       94437.9619706137)
(-38.5       94437.7986171131)
(-38       94445.9792566984)
(-37.5       94426.7908383752)
(-37       94427.8885047537)
(-36.5       94428.6473638721)
(-36       94420.8314606741)
(-35.5       94416.6413137425)
(-35       94414.9446845289)
(-34.5       94403.2143474504)
(-34       94388.2713915297)
(-33.5       94374.0077787382)
(-33       94369.8426966292)
(-32.5       94479.8029386344)
(-32       94363.8167675022)
(-31.5       94353.9472774416)
(-31       94350.5082108902)
(-30.5       94343.7839239412)
(-30       94339.7804667242)
(-29.5       94335.2048401036)
(-29       94332.2178046672)
(-28.5       94332.0829732065)
(-28       94331.0881590318)
(-27.5       94349.7700950736)
(-27       94348.4658599826)
(-26.5       94362.4684528954)
(-26       94366.6646499568)
(-25.5       94378.4909248055)
(-25       94394.9472774417)
(-24.5       94412.7579948143)
(-24       94431.6179775283)
(-23.5       94456.9377700951)
(-23       94457.8236819361)
(-22.5       94469.5747623163)
(-22       94485.988764045)
(-21.5       94512.2480553156)
(-21       94519.9576490925)
(-20.5       94530.5756266206)
(-20       94546.0267934313)
(-19.5       94550.5090751944)
(-19       94561.8677614521)
(-18.5       94557.334485739)
(-18       94400.8807260155)
(-17.5       94539.4978392395)
(-17       94542.2471910114)
(-16.5       94539.0527225584)
(-16       94525.7796024201)
(-15.5       94517.113223855)
(-15       94502.3906655144)
(-14.5       94481.8772687987)
(-14       94474.3448573898)
(-13.5       94466.8504753673)
(-13       94448.9083837512)
(-12.5       94434.2229904926)
(-12       94414.6828003457)
(-11.5       94399.3292999136)
(-11       94387.6689714779)
(-10.5       94383.7026793432)
(-10       94388.2324978393)
(-9.5       94383.1918755401)
(-9       94380.0224719101)
(-8.5       94389.9101123595)
(-8       94403.1201382888)
(-7.5       94410.7692307693)
(-7       94426.8357821955)
(-6.5       94438.9239412274)
(-6       94457.2955920485)
(-5.5       94473.430423509)
(-5       94495.0060501296)
(-4.5       94521.6663785653)
(-4       94535.5375972343)
(-3.5       94553.1019878998)
(-3       94581.0501296456)
(-2.5       94588.4935177182)
(-2       94611.8245462403)
(-1.5       94620.9757994815)
(-1       94636.1858254106)
(-0.5       94625.202247191)
(0       94671.4719101125)
(0.5       94652.2480553154)
(1       94650.0285220398)
(1.5       94640.0821089024)
(2       94637.3146067417)
(2.5       94631.2108902334)
(3       94610.6119273985)
(3.5       94590.2247191011)
(4       94571.1892826275)
(4.5       94557.551426102)
(5       94536.3336214349)
(5.5       94514.3846153846)
(6       94508.5730337078)
(6.5       94490.4356093346)
(7       94478.3422644771)
(7.5       94459.8798617115)
(8       94449.3414001729)
(8.5       94443.8254105445)
(9       94453.4209161625)
(9.5       94454.9991356959)
(10       94454.3483146069)
(10.5       94463.7363872086)
(11       94470.0968020743)
(11.5       94488.3863439931)
(12       94500.5237683666)
(12.5       94523.753673293)
(13       94535.6888504755)
(13.5       94563.3223854797)
(14       94580.6326707001)
(14.5       94595.1521175455)
(15       94612.4209161625)
(15.5       94631.0198789975)
(16       94651.7605877269)
(16.5       94657.1832324978)
(17       94670.6084701815)
(17.5       94687.6197061367)
(18       94694.7424373381)
(18.5       94698.4935177183)
(19       94691.5324114089)
(19.5       94685.7899740711)
(20       94691.0302506484)
(20.5       94672.9386343996)
(21       94665.2307692309)
(21.5       94659.360414866)
(22       94651.0777873814)
(22.5       94645.5133967157)
(23       94622.0008643045)
(23.5       94613.1477960244)
(24       94607.235090752)
(24.5       94592.1616248921)
(25       94577.0579083839)
(25.5       94573.0656871219)
(26       94564.5574762318)
(26.5       94549.7934312877)
(27       94553.3405358687)
(27.5       94541.8547968886)
(28       94550.3474503025)
(28.5       94546.859982714)
(29       94555.3353500432)
(29.5       94558.5566119274)
(30       94573.1348314606)
(30.5       94576.6101987899)
(31       94589.7579948141)
(31.5       94609.4295592048)
(32       94606.6162489197)
(32.5       94618.6222990494)
(33       94641.8738115816)
(33.5       94645.5004321521)
(34       94666.3586862576)
(34.5       94670.2955920484)
(35       94684.3742437339)
(35.5       94695.0397579949)
(36       94713.477960242)
(36.5       94707.591184097)
(37       94713.0838375108)
(37.5       94706.8893690581)
(38       94721.7484874677)
(38.5       94719.9420916164)
(39       94715.5963699223)
(39.5       94724.1460674158)
(40       94725.5834053588)
(40.5       94722.3292999138)
(41       94713.7381158169)
(41.5       94705.3388072601)
(42       94706.0216076061)
(42.5       94698.0648228177)
(43       94703.1469317201)
(43.5       94689.1694036302)
(44       94677.2178046675)
(44.5       94682.3621434746)
(45       94668.6352636129)
(45.5       94667.933448574)
(46       94650.9144338807)
(46.5       94657.4675885912)
(47       94647.3301642178)
(47.5       94653.1452031116)
(48       94645.528954192)
(48.5       94647.7372515125)
(49       94647.5885911841)
(49.5       94641.92653414)
(50       94648.2428694902)
(50.5       94658.9680207433)
(51       94669.9265341401)
(51.5       94678.624891962)
(52       94675.5073465861)
(52.5       94682.099394987)
(53       94678.7908383751)
(53.5       94694.8885047537)
(54       94700.0250648229)
(54.5       94714.5600691445)
(55       94722.9308556612)
(55.5       94741.0259291272)
(56       94742.5280898878)
(56.5       94745.3163353504)
(57       94763.2471910115)
(57.5       94765.2108902336)
(58       94782.7458945551)
(58.5       94786.3612791706)
(59       94791.4796888505)
(59.5       94802.4010371652)
(60       94792.0077787382)
(60.5       94804.8193604151)
(61       94796.4140017287)
(61.5       94799.087294728)
(62       94795.0959377703)
(62.5       94797.4667242872)
(63       94783.4269662924)
(63.5       94779.4745030252)
(64       94769.752808989)
(64.5       94764.7052722559)
(65       94752.2489196199)
(65.5       94740.3560933451)
(66       94741.5816767503)
(66.5       94739.929991357)
(67       94716.749351772)
(67.5       94710.7726879861)
(68       94710.9680207434)
(68.5       94702.1166810719)
(69       94696.6439066552)
(69.5       94692.0138288679)
(70       94690.5799481419)
(70.5       94692.8029386345)
(71       94700.6084701816)
(71.5       94711.3932584271)
(72       94719.9317199655)
(72.5       94736.8366464997)
(73       94745.4935177183)
(73.5       94762.0259291272)
(74       94770.3621434746)
(74.5       94787.1927398445)
(75       94797.6231633537)
(75.5       94815.2428694902)
(76       94829.892826275)
(76.5       94842.4183232499)
(77       94846.3362143475)
(77.5       94864.4070872949)
(78       94880.4105445117)
(78.5       94884.0043215213)
(79       94894.93258427)
(79.5       94884.2022471912)
(80       94887.1011235959)
(80.5       94884.9472774419)
(81       94876.3171996544)
(81.5       94877.5289541919)
(82       94865.7346586)
(82.5       94852.9870354368)
(83       94844.5825410546)
(83.5       94835.643042351)
(84       94821.1590319797)
(84.5       94813.6923076925)
(85       94805.1452031117)
(85.5       94779.602420052)
(86       94767.7951598965)
(86.5       94761.8582541056)
(87       94758.8833189285)
(87.5       94750.044079516)
(88       94752.3621434745)
(88.5       94754.2584269665)
(89       94753.1365600694)
(89.5       94765.1564390667)
(90       94761.0812445984)
(90.5       94767.1235955057)
(91       94774.9611063096)
(91.5       94791.0596369924)
(92       94809.6992221263)
(92.5       94823.4252376839)
(93       94851.1028522043)
(93.5       94855.4165946416)
(94       94868.5056179776)
(94.5       94886.7830596372)
(95       94901.1936041489)
(95.5       94912.6361279172)
(96       94924.2463267072)
(96.5       94934.7519446846)
(97       94937.0907519448)
(97.5       94951.8029386345)
(98       94956.0829732068)
(98.5       94947.021607606)
(99       94951.4503025066)
(99.5       94949.9913569579)
(100       94943.9533275715)
(100.5       94946.0155574763)
(101       94926.0518582544)
(101.5       94916.8755401904)
(102       94907.5263612792)
(102.5       94895.1019878999)
(103       94882.7337942957)
(103.5       94871.7804667243)
(104       94858.573033708)
(104.5       94864.9092480555)
(105       94843.7113223857)
(105.5       94839.995678479)
(106       94833.4295592049)
(106.5       94826.4719101125)
(107       94820.245462403)
(107.5       94825.3820224721)
(108       94832.4762316337)
(108.5       94838.5894554885)
(109       94842.7977528092)
(109.5       94847.8029386345)
(110       94854.8245462405)
(110.5       94866.4546240279)
(111       94880.5713050996)
(111.5       94895.6058772691)
(112       94900.8556611929)
(112.5       94928.0691443391)
(113       94928.7597234228)
(113.5       94941.8219533277)
(114       94951.3837510806)
(114.5       94953.7545375974)
(115       94968.1495246329)
(115.5       94972.3759723425)
(116       94982.0734658602)
(116.5       94981.5669835782)
(117       94976.9282627485)
(117.5       94980.3993085568)
(118       94984.3681936042)
(118.5       94978.4243733795)
(119       94984.2005185827)
(119.5       94977.0233362144)
(120       94978.499567848)
(120.5       94967.3249783925)
(121       94964.0466724288)
(121.5       94957.6499567849)
(122       94955.3189282628)
(122.5       94952.4364736388)
(123       94943.0535868628)
(123.5       94942.8375108039)
(124       94938.6482281765)
(124.5       94927.4382022474)
(125       94925.3906655145)
(125.5       94931.5687121869)
(126       94920.8781331032)
(126.5       94925.1365600693)
(127       94921.5263612795)
(127.5       94927.6024200519)
(128       94920.690579084)
(128.5       94935.02852204)
(129       94927.8504753676)
(129.5       94938.2860847018)
(130       94946.5082108904)
(130.5       94947.5592048402)
(131       94957.1979256699)
(131.5       94961.4468452898)
(132       94959.8340535871)
(132.5       94966.2584269664)
(133       94964.71218669)
(133.5       94983.2783059637)
(134       94992.4304235094)
(134.5       94990.381158168)
(135       95005.7407087296)
(135.5       95006.2653414003)
(136       95005.3344857392)
(136.5       95010.6447709595)
(137       95018.2549697495)
(137.5       95028.2523768367)
(138       95038.8867761453)
(138.5       95040.4822817631)
(139       95041.2584269665)
(139.5       95041.2990492653)
(140       95038.4891961973)
(140.5       95032.0751944685)
(141       95034.8910976665)
(141.5       95043.2886776145)
(142       95032.775280899)
(142.5       95037.5842696631)
(143       95026.0319792567)
(143.5       95030.7813310287)
(144       95017.9948141747)
(144.5       95021.9291270527)
(145       95011.6499567848)
(145.5       95016.533275713)
(146       95004.2981849614)
(146.5       95002.3777009508)
(147       94992.4995678479)
(147.5       94996.1296456354)
(148       94980.910976664)
(148.5       94976.5280898879)
(149       94985.2878133104)
(149.5       94987.5704407952)
(150       94990.4209161628)
(150.5       94989.6525496977)
(151       94993.4261019879)
(151.5       95001.7234226451)
(152       94995.481417459)
(152.5       94995.1400172864)
(153       95012.3802938635)
(153.5       95028.249783924)
(154       95031.5375972342)
(154.5       95039.5099394989)
(155       95055.4459809856)
(155.5       95062.8314606743)
(156       95076.9308556613)
(156.5       95088.5661192741)
(157       95094.8349178912)
(157.5       95104.7355229041)
(158       95116.8798617116)
(158.5       95111.4727744167)
(159       95119.0414866033)
(159.5       95118.1815038894)
(160       95127.2575626622)
(160.5       95126.8202247192)
(161       95128.8902333623)
(161.5       95111.1244598099)
(162       95110.6413137425)
(162.5       95100.4511668109)
(163       95102.8081244599)
(163.5       95079.4866032845)
(164       95081.1936041488)
(164.5       95068.1356957651)
(165       95060.7398444254)
(165.5       95056.3439930857)
(166       95045.7346585999)
(166.5       95037.1763180641)
(167       95035.5393258426)
(167.5       95030.863439931)
(168       95026.0008643044)
(168.5       95027.0224719102)
(169       95017.8115816768)
(169.5       95014.8305963701)
(170       95020.2523768369)
(170.5       95034.8219533276)
(171       95047.8617113225)
(171.5       95056.2480553155)
(172       95072.584269663)
(172.5       95074.8876404495)
(173       95086.0466724288)
(173.5       95099.1140881592)
(174       95110.1858254104)
(174.5       95124.0691443388)
(175       95134.7450302508)
(175.5       95144.6862575628)
(176       95159.8867761453)
(176.5       95171.8245462404)
(177       95174.1054451166)
(177.5       95177.0432152119)
(178       95184.5350043216)
(178.5       95180.5998271393)
(179       95182.1564390666)
(179.5       95179.2134831462)
(180       95171.2826274848)
(180.5       95167.6464995678)
(181       95163.4503025065)
(181.5       95144.8418323251)
(182       95140.6957649093)
(182.5       95137.3448573897)
(183       95128.1261884184)
(183.5       95117.6776145206)
(184       95109.2878133104)
(184.5       95100.080380294)
(185       95089.8755401902)
(185.5       95088.892826275)
(186       95076.1780466724)
(186.5       95068.4347450303)
(187       95076.2264477098)
(187.5       95078.2955920484)
(188       95082.8323249785)
(188.5       95087.8712186691)
(189       95092.4900605014)
(189.5       95095.6672428695)
(190       95100.9991356959)
(190.5       95116.5730337079)
(191       95122.1305099395)
(191.5       95128.9611063093)
(192       95150.0726015558)
(192.5       95155.31633535)
(193       95165.2074330166)
(193.5       95180.2229904927)
(194       95182.4027657736)
(194.5       95188.1339671564)
(195       95196.6611927399)
(195.5       95201.7726879862)
(196       95216.2065687121)
(196.5       95214.962834918)
(197       95223.8703543649)
(197.5       95212.859982714)
(198       95214.5246326708)
(198.5       95205.8063958515)
(199       95197.0371650821)
(199.5       95203.8202247192)
(200       95198.2584269664)
(200.5       95186.3042350907)
(201       95180.6292134831)
(201.5       95178.9567847882)
(202       95176.6923076923)
(202.5       95161.9775280901)
(203       95162.7847882457)
(203.5       95163.4831460675)
(204       95148.9265341402)
(204.5       95158.2264477097)
(205       95147.5522904064)
(205.5       95151.3422644771)
(206       95154.3543647364)
(206.5       95153.0440795161)
(207       95150.5782195332)
(207.5       95139.0492653414)
(208       95156.6698357822)
(208.5       95161.6499567849)
(209       95158.4079515989)
(209.5       95172.4745030252)
(210       95176.4105445116)
(210.5       95177.9757994814)
(211       95178.6568712187)
(211.5       95190.5367329301)
(212       95195.0838375108)
(212.5       95206.4848746759)
(213       95202.2368193605)
(213.5       95213.1132238549)
(214       95205.8435609336)
(214.5       95220.0440795159)
(215       95220.3215211757)
(215.5       95224.5367329301)
(216       95224.6992221263)
(216.5       95225.5082108902)
(217       95227.0726015558)
(217.5       95227.8902333623)
(218       95233.3828867761)
(218.5       95224.1737251513)
(219       95231.2169403631)
(219.5       95225.2679343129)
(220       95218.941227312)
(220.5       95233.7934312878)
(221       95223.0665514261)
(221.5       95228.0388936905)
(222       95227.9308556613)
(222.5       95223.584269663)
(223       95222.6784788245)
(223.5       95220.2860847019)
(224       95214.1296456353)
(224.5       95213.6516853933)
(225       95211.2929991357)
(225.5       95213.6594641314)
(226       95211.8141745896)
(226.5       95211.5012964565)
(227       95203.132238548)
(227.5       95198.8314606742)
(228       95193.8522039759)
(228.5       95195.9464131374)
(229       95199.4909248056)
(229.5       95203.3647363873)
(230       95208.4563526363)
(230.5       95197.8349178912)
(231       95206.128781331)
(231.5       95204.7337942956)
(232       95207.6257562663)
(232.5       95206.6413137425)
(233       95212.7666378566)
(233.5       95224.2886776146)
(234       95225.5929127053)
(234.5       95233.2195332757)
(235       95234.2636127918)
(235.5       95243.0207433016)
(236       95248.838375108)
(236.5       95255.2791702681)
(237       95259.7571305099)
(237.5       95268.8815903199)
(238       95262.1970613657)
(238.5       95269.6741573034)
(239       95277.3128781331)
(239.5       95275.5047536734)
(240       95283.1279170271)
(240.5       95274.3716508211)
(241       95281.0060501297)
(241.5       95276.2255834053)
(242       95272.819360415)
(242.5       95279.5021607608)
(243       95260.9697493518)
(243.5       95253.0527225583)
(244       95249.4788245464)
(244.5       95241.3405358687)
(245       95245.3604148661)
(245.5       95236.4226447712)
(246       95221.9273984444)
(246.5       95217.8184961109)
(247       95218.6300777875)
(247.5       95212.812445981)
(248       95213.591184097)
(248.5       95210.010371651)
(249       95210.1313742437)
(249.5       95213.3569576493)
(250       95209.352636128)
(250.5       95222.6707000864)
(251       95225.0864304237)
(251.5       95223.3474503026)
(252       95232.2783059637)
(252.5       95239.209161625)
(253       95247.9645635265)
(253.5       95255.0224719103)
(254       95266.7700950735)
(254.5       95275.0224719103)
(255       95288.2964563527)
(255.5       95298.8401037167)
(256       95295.1279170268)
(256.5       95302.8902333622)
(257       95313.3050993952)
(257.5       95311.5436473638)
(258       95310.7139152983)
(258.5       95318.9429559204)
(259       95329.1028522042)
(259.5       95313.1123595505)
(260       95310.0086430424)
(260.5       95313.0501296457)
(261       95300.1823681937)
(261.5       95294.7329299914)
(262       95290.1538461539)
(262.5       95279.2765773553)
(263       95271.5626620572)
(263.5       95262.0942091617)
(264       95260.6568712188)
(264.5       95247.6015557477)
(265       95243.3189282627)
(265.5       95242.2670700088)
(266       95238.1547104582)
(266.5       95227.3863439932)
(267       95232.3586862575)
(267.5       95229.1486603286)
(268       95228.8055315472)
(268.5       95231.3439930858)
(269       95236.8850475367)
(269.5       95243.4477095939)
(270       95254.0726015558)
(270.5       95250.6819360416)
(271       95264.650821089)
(271.5       95282.5557476234)
(272       95280.6127917028)
(272.5       95291.7441659466)
(273       95303.2912705274)
(273.5       95307.1019878998)
(274       95314.3292999137)
(274.5       95320.3664649957)
(275       95323.5030250649)
(275.5       95332.5401901469)
(276       95335.3465859984)
(276.5       95340.0553154712)
(277       95333.315471046)
(277.5       95336.5704407951)
(278       95337.080380294)
(278.5       95338.4572169404)
(279       95327.9135695767)
(279.5       95321.2817631807)
(280       95322.0449438201)
(280.5       95319.1201382887)
(281       95305.7018150389)
(281.5       95295.0354364739)
(282       95283.6292134831)
(282.5       95288.761452031)
(283       95281.6585998272)
(283.5       95277.8573898012)
(284       95271.5194468453)
(284.5       95266.0898876405)
(285       95268.3292999137)
(285.5       95267.3863439932)
(286       95265.5350043215)
(286.5       95268.8020743303)
(287       95267.5030250649)
(287.5       95278.3275713053)
(288       95278.5401901471)
(288.5       95286.2765773553)
(289       95281.6974935177)
(289.5       95292.9144338809)
(290       95302.922212619)
(290.5       95306.8029386344)
(291       95310.0907519448)
(291.5       95317.2489196198)
(292       95321.7251512533)
(292.5       95329.9299913571)
(293       95328.3828867763)
(293.5       95333.4122731202)
(294       95332.3189282629)
(294.5       95339.0207433019)
(295       95334.2117545377)
(295.5       95340.8729472776)
(296       95336.5064822818)
(296.5       95344.6378565255)
(297       95345.4174589456)
(297.5       95342.2013828868)
(298       95333.2385479689)
(298.5       95334.9092480554)
(299       95334.7778738115)
(299.5       95334.4070872949)
(300       95326.5799481418)
(300.5       95328.2307692309)
(301       95330.5929127054)
(301.5       95322.8954191876)
(302       95328.3630077787)
(302.5       95319.8643042351)
(303       95315.4554883318)
(303.5       95319.6784788247)
(304       95323.388936906)
(304.5       95327.5998271391)
(305       95317.1339671566)
(305.5       95325.9645635262)
(306       95319.3137424372)
(306.5       95322.4952463268)
(307       95324.5151253243)
(307.5       95326.3993085566)
(308       95321.9930855663)
(308.5       95323.5133967158)
(309       95328.8245462404)
(309.5       95327.3370786517)
(310       95333.2013828869)
(310.5       95334.7044079516)
(311       95335.3673293)
(311.5       95342.1555747625)
(312       95333.8176318065)
(312.5       95344.5453759725)
(313       95341.8409680208)
(313.5       95344.7960242006)
(314       95342.5099394989)
(314.5       95356.161624892)
(315       95353.4511668108)
(315.5       95357.2929991357)
(316       95362.2048401037)
(316.5       95360.4010371651)
(317       95369.7951598963)
(317.5       95364.0414866034)
(318       95371.9040622301)
(318.5       95381.9230769231)
(319       95375.9222126189)
(319.5       95381.1296456352)
(320       95380.5038893691)
(320.5       95384.2238547971)
(321       95385.5393258428)
(321.5       95385.1132238548)
(322       95389.2402765775)
(322.5       95369.7303370787)
(323       95370.1218668974)
(323.5       95378.5799481419)
(324       95370.6931719967)
(324.5       95372.9827139157)
(325       95367.0907519448)
(325.5       95362.3586862576)
(326       95364.0864304238)
(326.5       95360.6879861714)
(327       95350.6145203113)
(327.5       95353.2169403631)
(328       95349.5669835783)
(328.5       95352.6248919622)
(329       95347.2255834055)
(329.5       95348.6404494384)
(330       95357.7035436474)
(330.5       95357.223854797)
(331       95357.8297320657)
(331.5       95363.0786516853)
(332       95371.2376836646)
(332.5       95370.1892826275)
(333       95381.0397579951)
(333.5       95388.5082108904)
(334       95394.1512532413)
(334.5       95407.8245462405)
(335       95414.719965428)
(335.5       95409.8902333623)
(336       95423.0423509077)
(336.5       95418.9412273122)
(337       95427.9913569577)
(337.5       95438.6585998274)
(338       95437.0371650823)
(338.5       95452.9265341403)
(339       95447.2350907522)
(339.5       95446.5298184962)
(340       95444.8470181506)
(340.5       95439.6041486607)
(341       95436.7657735524)
(341.5       95434.7026793433)
(342       95434.3509075196)
(342.5       95424.1815038895)
(343       95425.1270527227)
(343.5       95417.0432152119)
(344       95404.0872947279)
(344.5       95403.8954191876)
(345       95395.5306828004)
(345.5       95404.3733794296)
(346       95395.0492653415)
(346.5       95397.3898012102)
(347       95388.2376836648)
(347.5       95395.1452031117)
(348       95389.793431288)
(348.5       95379.0924805531)
(349       95373.8383751082)
(349.5       95386.2817631807)
(350       95398.1745894557)
(350.5       95405.0458081245)
(351       95429.9394987037)
(351.5       95454.3699222129)
(352       95496.1477960245)
(352.5       95535.1175453762)
(353       95564.7917026795)
(353.5       95613.9818496111)
(354       95671.4416594642)
(354.5       95714.5306828003)
(355       95780.7415730335)
(355.5       95828.3206568712)
(356       95873.2774416594)
(356.5       95906.2653414002)
(357       95944.2886776146)
(357.5       95983.6646499568)
(358       96012.7346585997)
(358.5       96049.2074330164)
(359       96061.9222126188)
(359.5       96070.4606741574)

