(0.000000  0.000000)
(357.740000  0.000000)
(358.668353  0.000228)
(359.596706  0.000260)
(360.525059  0.000294)
(361.453412  0.000331)
(362.381765  0.000371)
(363.310118  0.000414)
(364.238471  0.000461)
(365.166824  0.000509)
(366.095176  0.000564)
(367.023529  0.000618)
(367.951882  0.000680)
(368.880235  0.000741)
(369.808588  0.000809)
(370.736941  0.000877)
(371.665294  0.000950)
(372.593647  0.001025)
(373.522000  0.001104)
(374.450353  0.001185)
(375.378706  0.001269)
(376.307059  0.001357)
(377.235412  0.001445)
(378.163765  0.001538)
(379.092118  0.001631)
(380.020471  0.001728)
(380.948824  0.001825)
(381.877176  0.001926)
(382.805529  0.002027)
(383.733882  0.002131)
(384.662235  0.002236)
(385.590588  0.002342)
(386.518941  0.002449)
(387.447294  0.002557)
(388.375647  0.002666)
(389.304000  0.002776)
(390.232353  0.002887)
(391.160706  0.002997)
(392.089059  0.003109)
(393.017412  0.003220)
(393.945765  0.003332)
(394.874118  0.003444)
(395.802471  0.003556)
(396.730824  0.003667)
(397.659176  0.003779)
(398.587529  0.003890)
(399.515882  0.004001)
(400.444235  0.004111)
(401.372588  0.004221)
(402.300941  0.004330)
(403.229294  0.004438)
(404.157647  0.004546)
(405.086000  0.004653)
(406.014353  0.004759)
(406.942706  0.004864)
(407.871059  0.004968)
(408.799412  0.005072)
(409.727765  0.005173)
(410.656118  0.005275)
(411.584471  0.005375)
(412.512824  0.005474)
(413.441176  0.005571)
(414.369529  0.005668)
(415.297882  0.005764)
(416.226235  0.005857)
(417.154588  0.005951)
(418.082941  0.006042)
(419.011294  0.006133)
(419.939647  0.006221)
(420.868000  0.006310)
(421.796353  0.006395)
(422.724706  0.006481)
(423.653059  0.006564)
(424.581412  0.006647)
(425.509765  0.006727)
(426.438118  0.006807)
(427.366471  0.006885)
(428.294824  0.006961)
(429.223176  0.007037)
(430.151529  0.007110)
(431.079882  0.007183)
(432.008235  0.007253)
(432.936588  0.007324)
(433.864941  0.007391)
(434.793294  0.007458)
(435.721647  0.007522)
(436.650000  0.007586)
(437.578353  0.007648)
(438.506706  0.007709)
(439.435059  0.007768)
(440.363412  0.007825)
(441.291765  0.007882)
(442.220118  0.007936)
(443.148471  0.007989)
(444.076824  0.008040)
(445.005176  0.008091)
(445.933529  0.008139)
(446.861882  0.008187)
(447.790235  0.008232)
(448.718588  0.008276)
(449.646941  0.008318)
(450.575294  0.008359)
(451.503647  0.008399)
(452.432000  0.008437)
(453.360353  0.008473)
(454.288706  0.008508)
(455.217059  0.008542)
(456.145412  0.008573)
(457.073765  0.008604)
(458.002118  0.008632)
(458.930471  0.008660)
(459.858824  0.008685)
(460.787176  0.008710)
(461.715529  0.008732)
(462.643882  0.008754)
(463.572235  0.008773)
(464.500588  0.008791)
(465.428941  0.008808)
(466.357294  0.008823)
(467.285647  0.008837)
(468.214000  0.008848)
(469.142353  0.008859)
(470.070706  0.008868)
(470.999059  0.008876)
(471.927412  0.008881)
(472.855765  0.008886)
(473.784118  0.008888)
(474.712471  0.008889)
(475.640824  0.008889)
(476.569176  0.008887)
(477.497529  0.008884)
(478.425882  0.008879)
(479.354235  0.008873)
(480.282588  0.008864)
(481.210941  0.008855)
(482.139294  0.008844)
(483.067647  0.008832)
(483.996000  0.008817)
(484.924353  0.008802)
(485.852706  0.008784)
(486.781059  0.008766)
(487.709412  0.008746)
(488.637765  0.008724)
(489.566118  0.008701)
(490.494471  0.008676)
(491.422824  0.008650)
(492.351176  0.008622)
(493.279529  0.008593)
(494.207882  0.008561)
(495.136235  0.008530)
(496.064588  0.008495)
(496.992941  0.008460)
(497.921294  0.008422)
(498.849647  0.008384)
(499.778000  0.008344)
(500.706353  0.008303)
(501.634706  0.008259)
(502.563059  0.008215)
(503.491412  0.008169)
(504.419765  0.008121)
(505.348118  0.008072)
(506.276471  0.008021)
(507.204824  0.007969)
(508.133176  0.007915)
(509.061529  0.007861)
(509.989882  0.007803)
(510.918235  0.007746)
(511.846588  0.007686)
(512.774941  0.007625)
(513.703294  0.007562)
(514.631647  0.007498)
(515.560000  0.007432)
(516.488353  0.007365)
(517.416706  0.007297)
(518.345059  0.007227)
(519.273412  0.007156)
(520.201765  0.007083)
(521.130118  0.007009)
(522.058471  0.006933)
(522.986824  0.006856)
(523.915176  0.006777)
(524.843529  0.006698)
(525.771882  0.006616)
(526.700235  0.006533)
(527.628588  0.006449)
(528.556941  0.006364)
(529.485294  0.006277)
(530.413647  0.006189)
(531.342000  0.006099)
(532.270353  0.006008)
(533.198706  0.005917)
(534.127059  0.005823)
(535.055412  0.005729)
(535.983765  0.005633)
(536.912118  0.005536)
(537.840471  0.005438)
(538.768824  0.005339)
(539.697176  0.005238)
(540.625529  0.005137)
(541.553882  0.005034)
(542.482235  0.004931)
(543.410588  0.004826)
(544.338941  0.004721)
(545.267294  0.004615)
(546.195647  0.004508)
(547.124000  0.004400)
(548.052353  0.004292)
(548.980706  0.004183)
(549.909059  0.004073)
(550.837412  0.003963)
(551.765765  0.003852)
(552.694118  0.003741)
(553.622471  0.003630)
(554.550824  0.003519)
(555.479176  0.003407)
(556.407529  0.003296)
(557.335882  0.003184)
(558.264235  0.003073)
(559.192588  0.002962)
(560.120941  0.002852)
(561.049294  0.002742)
(561.977647  0.002634)
(562.906000  0.002525)
(563.834353  0.002418)
(564.762706  0.002312)
(565.691059  0.002207)
(566.619412  0.002104)
(567.547765  0.002002)
(568.476118  0.001901)
(569.404471  0.001803)
(570.332824  0.001707)
(571.261176  0.001612)
(572.189529  0.001520)
(573.117882  0.001429)
(574.046235  0.001343)
(574.974588  0.001257)
(575.902941  0.001177)
(576.831294  0.001097)
(577.759647  0.001022)
(578.688000  0.000948)
(579.616353  0.000879)
(580.544706  0.000812)
(581.473059  0.000749)
(582.401412  0.000689)
(583.329765  0.000632)
(584.258118  0.000580)
(585.186471  0.000529)
(586.114824  0.000484)
(587.043176  0.000439)
(587.971529  0.000400)
(588.899882  0.000362)
(589.828235  0.000329)
(590.756588  0.000298)
(591.684941  0.000270)
(592.613294  0.000244)
(593.541647  0.000221)
(594.470000  0.000200)
(720.000000  0.000000)
