#Time vs Intake Pressure
#CAD   Pa   bar
-360.000 96070.278 0.961
-359.500 96051.840 0.961
-359.000 96042.836 0.960
-358.500 96008.086 0.960
-358.000 95981.232 0.960
-357.500 95935.085 0.959
-357.000 95880.694 0.959
-356.500 95811.810 0.958
-356.000 95746.757 0.957
-355.500 95668.379 0.957
-355.000 95580.441 0.956
-354.500 95480.318 0.955
-354.000 95357.293 0.954
-353.500 95232.301 0.952
-353.000 95078.751 0.951
-352.500 94902.095 0.949
-352.000 94687.627 0.947
-351.500 94463.071 0.945
-351.000 94199.808 0.942
-350.500 93916.257 0.939
-350.000 93579.034 0.936
-349.500 93244.457 0.932
-349.000 92946.435 0.929
-348.500 92772.300 0.928
-348.000 92624.278 0.926
-347.500 92514.449 0.925
-347.000 92446.944 0.924
-346.500 92414.768 0.924
-346.000 92401.724 0.924
-345.500 92437.535 0.924
-345.000 92537.134 0.925
-344.500 92647.844 0.926
-344.000 92808.428 0.928
-343.500 92973.800 0.930
-343.000 93130.295 0.931
-342.500 93227.510 0.932
-342.000 93308.754 0.933
-341.500 93390.519 0.934
-341.000 93514.326 0.935
-340.500 93654.193 0.937
-340.000 93804.311 0.938
-339.500 93905.819 0.939
-339.000 93993.635 0.940
-338.500 94093.614 0.941
-338.000 94213.220 0.942
-337.500 94305.672 0.943
-337.000 94416.360 0.944
-336.500 94496.235 0.945
-336.000 94563.290 0.946
-335.500 94625.152 0.946
-335.000 94696.065 0.947
-334.500 94724.957 0.947
-334.000 94742.871 0.947
-333.500 94772.391 0.948
-333.000 94811.505 0.948
-332.500 94829.952 0.948
-332.000 94829.084 0.948
-331.500 94787.234 0.948
-331.000 94747.928 0.947
-330.500 94708.605 0.947
-330.000 94675.555 0.947
-329.500 94621.445 0.946
-329.000 94561.404 0.946
-328.500 94498.541 0.945
-328.000 94425.001 0.944
-327.500 94356.941 0.944
-327.000 94290.843 0.943
-326.500 94218.971 0.942
-326.000 94157.164 0.942
-325.500 94095.914 0.941
-325.000 94046.241 0.940
-324.500 93982.023 0.940
-324.000 93917.002 0.939
-323.500 93856.111 0.939
-323.000 93785.963 0.938
-322.500 93744.125 0.937
-322.000 93676.101 0.937
-321.500 93603.203 0.936
-321.000 93538.962 0.935
-320.500 93492.843 0.935
-320.000 93451.507 0.935
-319.500 93414.982 0.934
-319.000 93373.716 0.934
-318.500 93329.183 0.933
-318.000 93295.079 0.933
-317.500 93267.134 0.933
-317.000 93236.738 0.932
-316.500 93221.050 0.932
-316.000 93196.589 0.932
-315.500 93168.418 0.932
-315.000 93155.115 0.932
-314.500 93155.098 0.932
-314.000 93122.118 0.931
-313.500 93099.014 0.931
-313.000 93079.197 0.931
-312.500 93061.997 0.931
-312.000 93061.619 0.931
-311.500 93054.870 0.931
-311.000 93028.384 0.930
-310.500 93009.720 0.930
-310.000 92999.119 0.930
-309.500 92997.089 0.930
-309.000 93010.211 0.930
-308.500 93017.027 0.930
-308.000 93008.250 0.930
-307.500 93011.003 0.930
-307.000 93021.895 0.930
-306.500 93059.532 0.931
-306.000 93014.391 0.930
-305.500 92975.714 0.930
-305.000 92952.486 0.930
-304.500 92939.982 0.929
-304.000 92947.398 0.929
-303.500 92941.917 0.929
-303.000 92931.579 0.929
-302.500 92918.867 0.929
-302.000 92931.793 0.929
-301.500 92957.435 0.930
-301.000 92917.013 0.929
-300.500 92898.932 0.929
-300.000 92898.323 0.929
-299.500 92890.041 0.929
-299.000 92884.056 0.929
-298.500 92885.679 0.929
-298.000 92889.963 0.929
-297.500 92865.528 0.929
-297.000 92857.925 0.929
-296.500 92899.774 0.929
-296.000 92856.634 0.929
-295.500 92839.597 0.928
-295.000 92814.971 0.928
-294.500 92800.007 0.928
-294.000 92782.704 0.928
-293.500 92774.082 0.928
-293.000 92767.362 0.928
-292.500 92748.019 0.927
-292.000 92733.006 0.927
-291.500 92770.516 0.928
-291.000 92728.323 0.927
-290.500 92704.694 0.927
-290.000 92702.817 0.927
-289.500 92691.471 0.927
-289.000 92666.758 0.927
-288.500 92648.076 0.926
-288.000 92643.710 0.926
-287.500 92610.226 0.926
-287.000 92599.395 0.926
-286.500 92614.755 0.926
-286.000 92578.461 0.926
-285.500 92560.096 0.926
-285.000 92539.014 0.925
-284.500 92526.388 0.925
-284.000 92508.637 0.925
-283.500 92499.442 0.925
-283.000 92481.103 0.925
-282.500 92469.795 0.925
-282.000 92446.755 0.924
-281.500 92468.178 0.925
-281.000 92423.794 0.924
-280.500 92390.951 0.924
-280.000 92369.942 0.924
-279.500 92349.564 0.923
-279.000 92326.883 0.923
-278.500 92311.772 0.923
-278.000 92301.064 0.923
-277.500 92269.482 0.923
-277.000 92247.086 0.922
-276.500 92273.919 0.923
-276.000 92251.853 0.923
-275.500 92242.813 0.922
-275.000 92238.578 0.922
-274.500 92235.595 0.922
-274.000 92229.969 0.922
-273.500 92238.539 0.922
-273.000 92245.201 0.922
-272.500 92237.311 0.922
-272.000 92208.958 0.922
-271.500 92247.219 0.922
-271.000 92196.271 0.922
-270.500 92189.619 0.922
-270.000 92170.147 0.922
-269.500 92163.789 0.922
-269.000 92166.761 0.922
-268.500 92155.879 0.922
-268.000 92171.680 0.922
-267.500 92163.476 0.922
-267.000 92151.502 0.922
-266.500 92169.527 0.922
-266.000 92153.258 0.922
-265.500 92152.334 0.922
-265.000 92165.303 0.922
-264.500 92156.736 0.922
-264.000 92162.461 0.922
-263.500 92158.013 0.922
-263.000 92158.029 0.922
-262.500 92156.290 0.922
-262.000 92159.459 0.922
-261.500 92165.580 0.922
-261.000 92127.139 0.921
-260.500 92127.175 0.921
-260.000 92114.541 0.921
-259.500 92124.984 0.921
-259.000 92136.768 0.921
-258.500 92139.465 0.921
-258.000 92144.899 0.921
-257.500 92165.651 0.922
-257.000 92175.366 0.922
-256.500 92208.135 0.922
-256.000 92178.147 0.922
-255.500 92193.872 0.922
-255.000 92199.216 0.922
-254.500 92198.002 0.922
-254.000 92201.234 0.922
-253.500 92205.256 0.922
-253.000 92224.403 0.922
-252.500 92237.107 0.922
-252.000 92235.982 0.922
-251.500 92267.673 0.923
-251.000 92242.047 0.922
-250.500 92232.555 0.922
-250.000 92245.250 0.922
-249.500 92242.216 0.922
-249.000 92253.551 0.923
-248.500 92261.630 0.923
-248.000 92265.806 0.923
-247.500 92282.749 0.923
-247.000 92284.318 0.923
-246.500 92320.557 0.923
-246.000 92285.929 0.923
-245.500 92283.241 0.923
-245.000 92297.971 0.923
-244.500 92297.443 0.923
-244.000 92286.968 0.923
-243.500 92297.003 0.923
-243.000 92299.537 0.923
-242.500 92321.963 0.923
-242.000 92326.885 0.923
-241.500 92366.165 0.924
-241.000 92340.650 0.923
-240.500 92353.334 0.924
-240.000 92361.379 0.924
-239.500 92378.136 0.924
-239.000 92382.775 0.924
-238.500 92385.380 0.924
-238.000 92389.540 0.924
-237.500 92394.711 0.924
-237.000 92415.190 0.924
-236.500 92439.378 0.924
-236.000 92414.797 0.924
-235.500 92419.885 0.924
-235.000 92426.559 0.924
-234.500 92439.750 0.924
-234.000 92461.540 0.925
-233.500 92455.967 0.925
-233.000 92461.156 0.925
-232.500 92484.246 0.925
-232.000 92493.346 0.925
-231.500 92524.322 0.925
-231.000 92503.015 0.925
-230.500 92505.655 0.925
-230.000 92510.722 0.925
-229.500 92511.049 0.925
-229.000 92522.368 0.925
-228.500 92518.748 0.925
-228.000 92517.692 0.925
-227.500 92518.152 0.925
-227.000 92519.357 0.925
-226.500 92549.485 0.925
-226.000 92548.923 0.925
-225.500 92561.439 0.926
-225.000 92570.064 0.926
-224.500 92590.218 0.926
-224.000 92612.988 0.926
-223.500 92621.984 0.926
-223.000 92633.521 0.926
-222.500 92644.171 0.926
-222.000 92659.018 0.927
-221.500 92684.305 0.927
-221.000 92656.343 0.927
-220.500 92665.303 0.927
-220.000 92678.124 0.927
-219.500 92690.035 0.927
-219.000 92694.642 0.927
-218.500 92699.814 0.927
-218.000 92710.474 0.927
-217.500 92717.775 0.927
-217.000 92725.066 0.927
-216.500 92757.038 0.928
-216.000 92747.046 0.927
-215.500 92753.189 0.928
-215.000 92765.116 0.928
-214.500 92765.588 0.928
-214.000 92784.697 0.928
-213.500 92792.639 0.928
-213.000 92796.156 0.928
-212.500 92803.029 0.928
-212.000 92813.506 0.928
-211.500 92842.666 0.928
-211.000 92818.176 0.928
-210.500 92807.644 0.928
-210.000 92827.630 0.928
-209.500 92836.445 0.928
-209.000 92855.277 0.929
-208.500 92874.669 0.929
-208.000 92882.022 0.929
-207.500 92907.203 0.929
-207.000 92917.152 0.929
-206.500 92950.468 0.930
-206.000 92940.057 0.929
-205.500 92960.585 0.930
-205.000 92964.181 0.930
-204.500 92973.876 0.930
-204.000 92979.481 0.930
-203.500 92989.171 0.930
-203.000 92999.581 0.930
-202.500 93020.865 0.930
-202.000 93018.788 0.930
-201.500 93056.461 0.931
-201.000 93037.031 0.930
-200.500 93038.550 0.930
-200.000 93054.942 0.931
-199.500 93063.892 0.931
-199.000 93068.345 0.931
-198.500 93073.440 0.931
-198.000 93091.913 0.931
-197.500 93096.551 0.931
-197.000 93107.417 0.931
-196.500 93136.386 0.931
-196.000 93120.742 0.931
-195.500 93122.713 0.931
-195.000 93126.877 0.931
-194.500 93131.295 0.931
-194.000 93136.713 0.931
-193.500 93136.399 0.931
-193.000 93144.637 0.931
-192.500 93157.570 0.932
-192.000 93184.631 0.932
-191.500 93222.364 0.932
-191.000 93202.984 0.932
-190.500 93214.195 0.932
-190.000 93228.276 0.932
-189.500 93246.541 0.932
-189.000 93253.283 0.933
-188.500 93256.198 0.933
-188.000 93259.405 0.933
-187.500 93272.100 0.933
-187.000 93270.220 0.933
-186.500 93315.388 0.933
-186.000 93291.825 0.933
-185.500 93307.562 0.933
-185.000 93314.054 0.933
-184.500 93320.242 0.933
-184.000 93329.895 0.933
-183.500 93337.316 0.933
-183.000 93342.959 0.933
-182.500 93359.050 0.934
-182.000 93357.805 0.934
-181.500 93392.329 0.934
-181.000 93378.363 0.934
-180.500 93383.516 0.934
-180.000 93387.334 0.934
-179.500 93390.896 0.934
-179.000 93409.920 0.934
-178.500 93408.231 0.934
-178.000 93407.365 0.934
-177.500 93420.604 0.934
-177.000 93430.588 0.934
-176.500 93456.498 0.935
-176.000 93440.228 0.934
-175.500 93444.083 0.934
-175.000 93478.366 0.935
-174.500 93485.419 0.935
-174.000 93498.201 0.935
-173.500 93516.478 0.935
-173.000 93525.134 0.935
-172.500 93542.239 0.935
-172.000 93550.693 0.936
-171.500 93590.379 0.936
-171.000 93557.329 0.936
-170.500 93575.908 0.936
-170.000 93580.766 0.936
-169.500 93599.746 0.936
-169.000 93601.717 0.936
-168.500 93594.015 0.936
-168.000 93592.877 0.936
-167.500 93595.988 0.936
-167.000 93584.891 0.936
-166.500 93615.410 0.936
-166.000 93588.531 0.936
-165.500 93566.824 0.936
-165.000 93561.608 0.936
-164.500 93552.441 0.936
-164.000 93546.645 0.935
-163.500 93546.974 0.935
-163.000 93528.524 0.935
-162.500 93523.334 0.935
-162.000 93522.346 0.935
-161.500 93532.117 0.935
-161.000 93494.099 0.935
-160.500 93478.786 0.935
-160.000 93464.588 0.935
-159.500 93448.895 0.934
-159.000 93438.718 0.934
-158.500 93419.710 0.934
-158.000 93381.025 0.934
-157.500 93356.033 0.934
-157.000 93327.054 0.933
-156.500 93307.366 0.933
-156.000 93264.522 0.933
-155.500 93223.587 0.932
-155.000 93174.525 0.932
-154.500 93146.486 0.931
-154.000 93121.254 0.931
-153.500 93083.516 0.931
-153.000 93051.856 0.931
-152.500 93020.497 0.930
-152.000 92999.392 0.930
-151.500 92988.402 0.930
-151.000 92947.398 0.929
-150.500 92924.333 0.929
-150.000 92904.303 0.929
-149.500 92884.247 0.929
-149.000 92863.534 0.929
-148.500 92835.333 0.928
-148.000 92815.841 0.928
-147.500 92788.665 0.928
-147.000 92771.424 0.928
-146.500 92784.745 0.928
-146.000 92758.869 0.928
-145.500 92756.760 0.928
-145.000 92728.710 0.927
-144.500 92728.966 0.927
-144.000 92720.943 0.927
-143.500 92707.901 0.927
-143.000 92709.691 0.927
-142.500 92731.117 0.927
-142.000 92735.126 0.927
-141.500 92773.153 0.928
-141.000 92762.551 0.928
-140.500 92771.323 0.928
-140.000 92773.671 0.928
-139.500 92778.869 0.928
-139.000 92807.516 0.928
-138.500 92834.691 0.928
-138.000 92852.974 0.929
-137.500 92860.845 0.929
-137.000 92878.916 0.929
-136.500 92917.756 0.929
-136.000 92903.647 0.929
-135.500 92941.477 0.929
-135.000 92958.896 0.930
-134.500 92981.816 0.930
-134.000 93009.578 0.930
-133.500 93035.457 0.930
-133.000 93053.878 0.931
-132.500 93068.604 0.931
-132.000 93081.771 0.931
-131.500 93137.105 0.931
-131.000 93133.376 0.931
-130.500 93170.787 0.932
-130.000 93197.597 0.932
-129.500 93224.067 0.932
-129.000 93237.373 0.932
-128.500 93238.991 0.932
-128.000 93253.074 0.933
-127.500 93276.612 0.933
-127.000 93297.667 0.933
-126.500 93348.736 0.933
-126.000 93332.996 0.933
-125.500 93344.586 0.933
-125.000 93363.831 0.934
-124.500 93375.525 0.934
-124.000 93388.663 0.934
-123.500 93422.685 0.934
-123.000 93441.560 0.934
-122.500 93466.766 0.935
-122.000 93493.814 0.935
-121.500 93542.118 0.935
-121.000 93522.050 0.935
-120.500 93535.857 0.935
-120.000 93563.954 0.936
-119.500 93594.781 0.936
-119.000 93636.095 0.936
-118.500 93668.035 0.937
-118.000 93676.113 0.937
-117.500 93697.657 0.937
-117.000 93714.188 0.937
-116.500 93762.164 0.938
-116.000 93743.442 0.937
-115.500 93759.173 0.938
-115.000 93778.925 0.938
-114.500 93781.454 0.938
-114.000 93797.381 0.938
-113.500 93804.799 0.938
-113.000 93785.079 0.938
-112.500 93775.736 0.938
-112.000 93769.417 0.938
-111.500 93800.796 0.938
-111.000 93769.483 0.938
-110.500 93755.998 0.938
-110.000 93757.723 0.938
-109.500 93740.283 0.937
-109.000 93732.968 0.937
-108.500 93730.264 0.937
-108.000 93748.541 0.937
-107.500 93761.279 0.938
-107.000 93772.475 0.938
-106.500 93808.340 0.938
-106.000 93781.247 0.938
-105.500 93810.416 0.938
-105.000 93828.008 0.938
-104.500 93858.080 0.939
-104.000 93883.968 0.939
-103.500 93901.990 0.939
-103.000 93941.471 0.939
-102.500 93971.876 0.940
-102.000 93986.120 0.940
-101.500 94039.583 0.940
-101.000 94024.775 0.940
-100.500 94049.392 0.940
-100.000 94077.805 0.941
-99.500 94105.048 0.941
-99.000 94113.915 0.941
-98.500 94103.139 0.941
-98.000 94105.877 0.941
-97.500 94111.119 0.941
-97.000 94120.990 0.941
-96.500 94143.691 0.941
-96.000 94094.296 0.941
-95.500 94084.699 0.941
-95.000 94066.615 0.941
-94.500 94042.209 0.940
-94.000 94023.756 0.940
-93.500 94000.904 0.940
-93.000 93979.231 0.940
-92.500 93966.471 0.940
-92.000 93960.328 0.940
-91.500 93975.946 0.940
-91.000 93913.932 0.939
-90.500 93899.476 0.939
-90.000 93892.895 0.939
-89.500 93887.720 0.939
-89.000 93898.014 0.939
-88.500 93893.640 0.939
-88.000 93907.234 0.939
-87.500 93906.086 0.939
-87.000 93929.494 0.939
-86.500 93974.430 0.940
-86.000 93971.239 0.940
-85.500 93994.875 0.940
-85.000 94031.305 0.940
-84.500 94054.550 0.941
-84.000 94088.521 0.941
-83.500 94117.182 0.941
-83.000 94135.750 0.941
-82.500 94158.886 0.942
-82.000 94176.428 0.942
-81.500 94234.283 0.942
-81.000 94231.780 0.942
-80.500 94256.699 0.943
-80.000 94270.451 0.943
-79.500 94266.413 0.943
-79.000 94264.378 0.943
-78.500 94258.319 0.943
-78.000 94259.532 0.943
-77.500 94252.304 0.943
-77.000 94252.148 0.943
-76.500 94262.116 0.943
-76.000 94209.448 0.942
-75.500 94188.759 0.942
-75.000 94166.249 0.942
-74.500 94148.416 0.941
-74.000 94132.527 0.941
-73.500 94113.565 0.941
-73.000 94101.488 0.941
-72.500 94089.398 0.941
-72.000 94080.404 0.941
-71.500 94092.756 0.941
-71.000 94041.862 0.940
-70.500 94043.458 0.940
-70.000 94046.823 0.940
-69.500 94056.812 0.941
-69.000 94072.292 0.941
-68.500 94080.309 0.941
-68.000 94080.474 0.941
-67.500 94101.632 0.941
-67.000 94122.446 0.941
-66.500 94153.846 0.942
-66.000 94167.799 0.942
-65.500 94191.532 0.942
-65.000 94210.630 0.942
-64.500 94234.236 0.942
-64.000 94262.976 0.943
-63.500 94284.683 0.943
-63.000 94294.687 0.943
-62.500 94310.463 0.943
-62.000 94329.933 0.943
-61.500 94369.828 0.944
-61.000 94353.193 0.944
-60.500 94355.736 0.944
-60.000 94349.863 0.943
-59.500 94352.479 0.944
-59.000 94355.965 0.944
-58.500 94354.272 0.944
-58.000 94354.707 0.944
-57.500 94342.724 0.943
-57.000 94325.717 0.943
-56.500 94323.049 0.943
-56.000 94297.054 0.943
-55.500 94284.271 0.943
-55.000 94272.913 0.943
-54.500 94265.670 0.943
-54.000 94252.924 0.943
-53.500 94250.887 0.943
-53.000 94237.746 0.942
-52.500 94221.327 0.942
-52.000 94223.066 0.942
-51.500 94219.354 0.942
-51.000 94217.591 0.942
-50.500 94220.432 0.942
-50.000 94214.016 0.942
-49.500 94225.186 0.942
-49.000 94226.755 0.942
-48.500 94227.382 0.942
-48.000 94249.305 0.942
-47.500 94260.731 0.943
-47.000 94273.475 0.943
-46.500 94293.293 0.943
-46.000 94300.920 0.943
-45.500 94314.368 0.943
-45.000 94317.068 0.943
-44.500 94325.562 0.943
-44.000 94347.621 0.943
-43.500 94364.687 0.944
-43.000 94385.280 0.944
-42.500 94389.535 0.944
-42.000 94409.300 0.944
-41.500 94418.570 0.944
-41.000 94420.774 0.944
-40.500 94419.904 0.944
-40.000 94434.476 0.944
-39.500 94436.034 0.944
-39.000 94437.962 0.944
-38.500 94437.799 0.944
-38.000 94445.979 0.944
-37.500 94426.791 0.944
-37.000 94427.889 0.944
-36.500 94428.647 0.944
-36.000 94420.831 0.944
-35.500 94416.641 0.944
-35.000 94414.945 0.944
-34.500 94403.214 0.944
-34.000 94388.271 0.944
-33.500 94374.008 0.944
-33.000 94369.843 0.944
-32.500 94479.803 0.945
-32.000 94363.817 0.944
-31.500 94353.947 0.944
-31.000 94350.508 0.944
-30.500 94343.784 0.943
-30.000 94339.780 0.943
-29.500 94335.205 0.943
-29.000 94332.218 0.943
-28.500 94332.083 0.943
-28.000 94331.088 0.943
-27.500 94349.770 0.943
-27.000 94348.466 0.943
-26.500 94362.468 0.944
-26.000 94366.665 0.944
-25.500 94378.491 0.944
-25.000 94394.947 0.944
-24.500 94412.758 0.944
-24.000 94431.618 0.944
-23.500 94456.938 0.945
-23.000 94457.824 0.945
-22.500 94469.575 0.945
-22.000 94485.989 0.945
-21.500 94512.248 0.945
-21.000 94519.958 0.945
-20.500 94530.576 0.945
-20.000 94546.027 0.945
-19.500 94550.509 0.946
-19.000 94561.868 0.946
-18.500 94557.334 0.946
-18.000 94400.881 0.944
-17.500 94539.498 0.945
-17.000 94542.247 0.945
-16.500 94539.053 0.945
-16.000 94525.780 0.945
-15.500 94517.113 0.945
-15.000 94502.391 0.945
-14.500 94481.877 0.945
-14.000 94474.345 0.945
-13.500 94466.850 0.945
-13.000 94448.908 0.944
-12.500 94434.223 0.944
-12.000 94414.683 0.944
-11.500 94399.329 0.944
-11.000 94387.669 0.944
-10.500 94383.703 0.944
-10.000 94388.232 0.944
-9.500 94383.192 0.944
-9.000 94380.022 0.944
-8.500 94389.910 0.944
-8.000 94403.120 0.944
-7.500 94410.769 0.944
-7.000 94426.836 0.944
-6.500 94438.924 0.944
-6.000 94457.296 0.945
-5.500 94473.430 0.945
-5.000 94495.006 0.945
-4.500 94521.666 0.945
-4.000 94535.538 0.945
-3.500 94553.102 0.946
-3.000 94581.050 0.946
-2.500 94588.494 0.946
-2.000 94611.825 0.946
-1.500 94620.976 0.946
-1.000 94636.186 0.946
-0.500 94625.202 0.946
0.000 94671.472 0.947
0.500 94652.248 0.947
1.000 94650.029 0.947
1.500 94640.082 0.946
2.000 94637.315 0.946
2.500 94631.211 0.946
3.000 94610.612 0.946
3.500 94590.225 0.946
4.000 94571.189 0.946
4.500 94557.551 0.946
5.000 94536.334 0.945
5.500 94514.385 0.945
6.000 94508.573 0.945
6.500 94490.436 0.945
7.000 94478.342 0.945
7.500 94459.880 0.945
8.000 94449.341 0.944
8.500 94443.825 0.944
9.000 94453.421 0.945
9.500 94454.999 0.945
10.000 94454.348 0.945
10.500 94463.736 0.945
11.000 94470.097 0.945
11.500 94488.386 0.945
12.000 94500.524 0.945
12.500 94523.754 0.945
13.000 94535.689 0.945
13.500 94563.322 0.946
14.000 94580.633 0.946
14.500 94595.152 0.946
15.000 94612.421 0.946
15.500 94631.020 0.946
16.000 94651.761 0.947
16.500 94657.183 0.947
17.000 94670.608 0.947
17.500 94687.620 0.947
18.000 94694.742 0.947
18.500 94698.494 0.947
19.000 94691.532 0.947
19.500 94685.790 0.947
20.000 94691.030 0.947
20.500 94672.939 0.947
21.000 94665.231 0.947
21.500 94659.360 0.947
22.000 94651.078 0.947
22.500 94645.513 0.946
23.000 94622.001 0.946
23.500 94613.148 0.946
24.000 94607.235 0.946
24.500 94592.162 0.946
25.000 94577.058 0.946
25.500 94573.066 0.946
26.000 94564.557 0.946
26.500 94549.793 0.945
27.000 94553.341 0.946
27.500 94541.855 0.945
28.000 94550.347 0.946
28.500 94546.860 0.945
29.000 94555.335 0.946
29.500 94558.557 0.946
30.000 94573.135 0.946
30.500 94576.610 0.946
31.000 94589.758 0.946
31.500 94609.430 0.946
32.000 94606.616 0.946
32.500 94618.622 0.946
33.000 94641.874 0.946
33.500 94645.500 0.946
34.000 94666.359 0.947
34.500 94670.296 0.947
35.000 94684.374 0.947
35.500 94695.040 0.947
36.000 94713.478 0.947
36.500 94707.591 0.947
37.000 94713.084 0.947
37.500 94706.889 0.947
38.000 94721.748 0.947
38.500 94719.942 0.947
39.000 94715.596 0.947
39.500 94724.146 0.947
40.000 94725.583 0.947
40.500 94722.329 0.947
41.000 94713.738 0.947
41.500 94705.339 0.947
42.000 94706.022 0.947
42.500 94698.065 0.947
43.000 94703.147 0.947
43.500 94689.169 0.947
44.000 94677.218 0.947
44.500 94682.362 0.947
45.000 94668.635 0.947
45.500 94667.933 0.947
46.000 94650.914 0.947
46.500 94657.468 0.947
47.000 94647.330 0.946
47.500 94653.145 0.947
48.000 94645.529 0.946
48.500 94647.737 0.946
49.000 94647.589 0.946
49.500 94641.927 0.946
50.000 94648.243 0.946
50.500 94658.968 0.947
51.000 94669.927 0.947
51.500 94678.625 0.947
52.000 94675.507 0.947
52.500 94682.099 0.947
53.000 94678.791 0.947
53.500 94694.889 0.947
54.000 94700.025 0.947
54.500 94714.560 0.947
55.000 94722.931 0.947
55.500 94741.026 0.947
56.000 94742.528 0.947
56.500 94745.316 0.947
57.000 94763.247 0.948
57.500 94765.211 0.948
58.000 94782.746 0.948
58.500 94786.361 0.948
59.000 94791.480 0.948
59.500 94802.401 0.948
60.000 94792.008 0.948
60.500 94804.819 0.948
61.000 94796.414 0.948
61.500 94799.087 0.948
62.000 94795.096 0.948
62.500 94797.467 0.948
63.000 94783.427 0.948
63.500 94779.475 0.948
64.000 94769.753 0.948
64.500 94764.705 0.948
65.000 94752.249 0.948
65.500 94740.356 0.947
66.000 94741.582 0.947
66.500 94739.930 0.947
67.000 94716.749 0.947
67.500 94710.773 0.947
68.000 94710.968 0.947
68.500 94702.117 0.947
69.000 94696.644 0.947
69.500 94692.014 0.947
70.000 94690.580 0.947
70.500 94692.803 0.947
71.000 94700.608 0.947
71.500 94711.393 0.947
72.000 94719.932 0.947
72.500 94736.837 0.947
73.000 94745.494 0.947
73.500 94762.026 0.948
74.000 94770.362 0.948
74.500 94787.193 0.948
75.000 94797.623 0.948
75.500 94815.243 0.948
76.000 94829.893 0.948
76.500 94842.418 0.948
77.000 94846.336 0.948
77.500 94864.407 0.949
78.000 94880.411 0.949
78.500 94884.004 0.949
79.000 94894.933 0.949
79.500 94884.202 0.949
80.000 94887.101 0.949
80.500 94884.947 0.949
81.000 94876.317 0.949
81.500 94877.529 0.949
82.000 94865.735 0.949
82.500 94852.987 0.949
83.000 94844.583 0.948
83.500 94835.643 0.948
84.000 94821.159 0.948
84.500 94813.692 0.948
85.000 94805.145 0.948
85.500 94779.602 0.948
86.000 94767.795 0.948
86.500 94761.858 0.948
87.000 94758.883 0.948
87.500 94750.044 0.948
88.000 94752.362 0.948
88.500 94754.258 0.948
89.000 94753.137 0.948
89.500 94765.156 0.948
90.000 94761.081 0.948
90.500 94767.124 0.948
91.000 94774.961 0.948
91.500 94791.060 0.948
92.000 94809.699 0.948
92.500 94823.425 0.948
93.000 94851.103 0.949
93.500 94855.417 0.949
94.000 94868.506 0.949
94.500 94886.783 0.949
95.000 94901.194 0.949
95.500 94912.636 0.949
96.000 94924.246 0.949
96.500 94934.752 0.949
97.000 94937.091 0.949
97.500 94951.803 0.950
98.000 94956.083 0.950
98.500 94947.022 0.949
99.000 94951.450 0.950
99.500 94949.991 0.949
100.000 94943.953 0.949
100.500 94946.016 0.949
101.000 94926.052 0.949
101.500 94916.876 0.949
102.000 94907.526 0.949
102.500 94895.102 0.949
103.000 94882.734 0.949
103.500 94871.780 0.949
104.000 94858.573 0.949
104.500 94864.909 0.949
105.000 94843.711 0.948
105.500 94839.996 0.948
106.000 94833.430 0.948
106.500 94826.472 0.948
107.000 94820.245 0.948
107.500 94825.382 0.948
108.000 94832.476 0.948
108.500 94838.589 0.948
109.000 94842.798 0.948
109.500 94847.803 0.948
110.000 94854.825 0.949
110.500 94866.455 0.949
111.000 94880.571 0.949
111.500 94895.606 0.949
112.000 94900.856 0.949
112.500 94928.069 0.949
113.000 94928.760 0.949
113.500 94941.822 0.949
114.000 94951.384 0.950
114.500 94953.755 0.950
115.000 94968.150 0.950
115.500 94972.376 0.950
116.000 94982.073 0.950
116.500 94981.567 0.950
117.000 94976.928 0.950
117.500 94980.399 0.950
118.000 94984.368 0.950
118.500 94978.424 0.950
119.000 94984.201 0.950
119.500 94977.023 0.950
120.000 94978.500 0.950
120.500 94967.325 0.950
121.000 94964.047 0.950
121.500 94957.650 0.950
122.000 94955.319 0.950
122.500 94952.436 0.950
123.000 94943.054 0.949
123.500 94942.838 0.949
124.000 94938.648 0.949
124.500 94927.438 0.949
125.000 94925.391 0.949
125.500 94931.569 0.949
126.000 94920.878 0.949
126.500 94925.137 0.949
127.000 94921.526 0.949
127.500 94927.602 0.949
128.000 94920.691 0.949
128.500 94935.029 0.949
129.000 94927.850 0.949
129.500 94938.286 0.949
130.000 94946.508 0.949
130.500 94947.559 0.949
131.000 94957.198 0.950
131.500 94961.447 0.950
132.000 94959.834 0.950
132.500 94966.258 0.950
133.000 94964.712 0.950
133.500 94983.278 0.950
134.000 94992.430 0.950
134.500 94990.381 0.950
135.000 95005.741 0.950
135.500 95006.265 0.950
136.000 95005.334 0.950
136.500 95010.645 0.950
137.000 95018.255 0.950
137.500 95028.252 0.950
138.000 95038.887 0.950
138.500 95040.482 0.950
139.000 95041.258 0.950
139.500 95041.299 0.950
140.000 95038.489 0.950
140.500 95032.075 0.950
141.000 95034.891 0.950
141.500 95043.289 0.950
142.000 95032.775 0.950
142.500 95037.584 0.950
143.000 95026.032 0.950
143.500 95030.781 0.950
144.000 95017.995 0.950
144.500 95021.929 0.950
145.000 95011.650 0.950
145.500 95016.533 0.950
146.000 95004.298 0.950
146.500 95002.378 0.950
147.000 94992.500 0.950
147.500 94996.130 0.950
148.000 94980.911 0.950
148.500 94976.528 0.950
149.000 94985.288 0.950
149.500 94987.570 0.950
150.000 94990.421 0.950
150.500 94989.653 0.950
151.000 94993.426 0.950
151.500 95001.723 0.950
152.000 94995.481 0.950
152.500 94995.140 0.950
153.000 95012.380 0.950
153.500 95028.250 0.950
154.000 95031.538 0.950
154.500 95039.510 0.950
155.000 95055.446 0.951
155.500 95062.831 0.951
156.000 95076.931 0.951
156.500 95088.566 0.951
157.000 95094.835 0.951
157.500 95104.736 0.951
158.000 95116.880 0.951
158.500 95111.473 0.951
159.000 95119.041 0.951
159.500 95118.182 0.951
160.000 95127.258 0.951
160.500 95126.820 0.951
161.000 95128.890 0.951
161.500 95111.124 0.951
162.000 95110.641 0.951
162.500 95100.451 0.951
163.000 95102.808 0.951
163.500 95079.487 0.951
164.000 95081.194 0.951
164.500 95068.136 0.951
165.000 95060.740 0.951
165.500 95056.344 0.951
166.000 95045.735 0.950
166.500 95037.176 0.950
167.000 95035.539 0.950
167.500 95030.863 0.950
168.000 95026.001 0.950
168.500 95027.022 0.950
169.000 95017.812 0.950
169.500 95014.831 0.950
170.000 95020.252 0.950
170.500 95034.822 0.950
171.000 95047.862 0.950
171.500 95056.248 0.951
172.000 95072.584 0.951
172.500 95074.888 0.951
173.000 95086.047 0.951
173.500 95099.114 0.951
174.000 95110.186 0.951
174.500 95124.069 0.951
175.000 95134.745 0.951
175.500 95144.686 0.951
176.000 95159.887 0.952
176.500 95171.825 0.952
177.000 95174.105 0.952
177.500 95177.043 0.952
178.000 95184.535 0.952
178.500 95180.600 0.952
179.000 95182.156 0.952
179.500 95179.213 0.952
180.000 95171.283 0.952
180.500 95167.646 0.952
181.000 95163.450 0.952
181.500 95144.842 0.951
182.000 95140.696 0.951
182.500 95137.345 0.951
183.000 95128.126 0.951
183.500 95117.678 0.951
184.000 95109.288 0.951
184.500 95100.080 0.951
185.000 95089.876 0.951
185.500 95088.893 0.951
186.000 95076.178 0.951
186.500 95068.435 0.951
187.000 95076.226 0.951
187.500 95078.296 0.951
188.000 95082.832 0.951
188.500 95087.871 0.951
189.000 95092.490 0.951
189.500 95095.667 0.951
190.000 95100.999 0.951
190.500 95116.573 0.951
191.000 95122.131 0.951
191.500 95128.961 0.951
192.000 95150.073 0.952
192.500 95155.316 0.952
193.000 95165.207 0.952
193.500 95180.223 0.952
194.000 95182.403 0.952
194.500 95188.134 0.952
195.000 95196.661 0.952
195.500 95201.773 0.952
196.000 95216.207 0.952
196.500 95214.963 0.952
197.000 95223.870 0.952
197.500 95212.860 0.952
198.000 95214.525 0.952
198.500 95205.806 0.952
199.000 95197.037 0.952
199.500 95203.820 0.952
200.000 95198.258 0.952
200.500 95186.304 0.952
201.000 95180.629 0.952
201.500 95178.957 0.952
202.000 95176.692 0.952
202.500 95161.978 0.952
203.000 95162.785 0.952
203.500 95163.483 0.952
204.000 95148.927 0.951
204.500 95158.226 0.952
205.000 95147.552 0.951
205.500 95151.342 0.952
206.000 95154.354 0.952
206.500 95153.044 0.952
207.000 95150.578 0.952
207.500 95139.049 0.951
208.000 95156.670 0.952
208.500 95161.650 0.952
209.000 95158.408 0.952
209.500 95172.475 0.952
210.000 95176.411 0.952
210.500 95177.976 0.952
211.000 95178.657 0.952
211.500 95190.537 0.952
212.000 95195.084 0.952
212.500 95206.485 0.952
213.000 95202.237 0.952
213.500 95213.113 0.952
214.000 95205.844 0.952
214.500 95220.044 0.952
215.000 95220.322 0.952
215.500 95224.537 0.952
216.000 95224.699 0.952
216.500 95225.508 0.952
217.000 95227.073 0.952
217.500 95227.890 0.952
218.000 95233.383 0.952
218.500 95224.174 0.952
219.000 95231.217 0.952
219.500 95225.268 0.952
220.000 95218.941 0.952
220.500 95233.793 0.952
221.000 95223.067 0.952
221.500 95228.039 0.952
222.000 95227.931 0.952
222.500 95223.584 0.952
223.000 95222.678 0.952
223.500 95220.286 0.952
224.000 95214.130 0.952
224.500 95213.652 0.952
225.000 95211.293 0.952
225.500 95213.659 0.952
226.000 95211.814 0.952
226.500 95211.501 0.952
227.000 95203.132 0.952
227.500 95198.831 0.952
228.000 95193.852 0.952
228.500 95195.946 0.952
229.000 95199.491 0.952
229.500 95203.365 0.952
230.000 95208.456 0.952
230.500 95197.835 0.952
231.000 95206.129 0.952
231.500 95204.734 0.952
232.000 95207.626 0.952
232.500 95206.641 0.952
233.000 95212.767 0.952
233.500 95224.289 0.952
234.000 95225.593 0.952
234.500 95233.220 0.952
235.000 95234.264 0.952
235.500 95243.021 0.952
236.000 95248.838 0.952
236.500 95255.279 0.953
237.000 95259.757 0.953
237.500 95268.882 0.953
238.000 95262.197 0.953
238.500 95269.674 0.953
239.000 95277.313 0.953
239.500 95275.505 0.953
240.000 95283.128 0.953
240.500 95274.372 0.953
241.000 95281.006 0.953
241.500 95276.226 0.953
242.000 95272.819 0.953
242.500 95279.502 0.953
243.000 95260.970 0.953
243.500 95253.053 0.953
244.000 95249.479 0.952
244.500 95241.341 0.952
245.000 95245.360 0.952
245.500 95236.423 0.952
246.000 95221.927 0.952
246.500 95217.818 0.952
247.000 95218.630 0.952
247.500 95212.812 0.952
248.000 95213.591 0.952
248.500 95210.010 0.952
249.000 95210.131 0.952
249.500 95213.357 0.952
250.000 95209.353 0.952
250.500 95222.671 0.952
251.000 95225.086 0.952
251.500 95223.347 0.952
252.000 95232.278 0.952
252.500 95239.209 0.952
253.000 95247.965 0.952
253.500 95255.022 0.953
254.000 95266.770 0.953
254.500 95275.022 0.953
255.000 95288.296 0.953
255.500 95298.840 0.953
256.000 95295.128 0.953
256.500 95302.890 0.953
257.000 95313.305 0.953
257.500 95311.544 0.953
258.000 95310.714 0.953
258.500 95318.943 0.953
259.000 95329.103 0.953
259.500 95313.112 0.953
260.000 95310.009 0.953
260.500 95313.050 0.953
261.000 95300.182 0.953
261.500 95294.733 0.953
262.000 95290.154 0.953
262.500 95279.277 0.953
263.000 95271.563 0.953
263.500 95262.094 0.953
264.000 95260.657 0.953
264.500 95247.602 0.952
265.000 95243.319 0.952
265.500 95242.267 0.952
266.000 95238.155 0.952
266.500 95227.386 0.952
267.000 95232.359 0.952
267.500 95229.149 0.952
268.000 95228.806 0.952
268.500 95231.344 0.952
269.000 95236.885 0.952
269.500 95243.448 0.952
270.000 95254.073 0.953
270.500 95250.682 0.953
271.000 95264.651 0.953
271.500 95282.556 0.953
272.000 95280.613 0.953
272.500 95291.744 0.953
273.000 95303.291 0.953
273.500 95307.102 0.953
274.000 95314.329 0.953
274.500 95320.366 0.953
275.000 95323.503 0.953
275.500 95332.540 0.953
276.000 95335.347 0.953
276.500 95340.055 0.953
277.000 95333.315 0.953
277.500 95336.570 0.953
278.000 95337.080 0.953
278.500 95338.457 0.953
279.000 95327.914 0.953
279.500 95321.282 0.953
280.000 95322.045 0.953
280.500 95319.120 0.953
281.000 95305.702 0.953
281.500 95295.035 0.953
282.000 95283.629 0.953
282.500 95288.761 0.953
283.000 95281.659 0.953
283.500 95277.857 0.953
284.000 95271.519 0.953
284.500 95266.090 0.953
285.000 95268.329 0.953
285.500 95267.386 0.953
286.000 95265.535 0.953
286.500 95268.802 0.953
287.000 95267.503 0.953
287.500 95278.328 0.953
288.000 95278.540 0.953
288.500 95286.277 0.953
289.000 95281.697 0.953
289.500 95292.914 0.953
290.000 95302.922 0.953
290.500 95306.803 0.953
291.000 95310.091 0.953
291.500 95317.249 0.953
292.000 95321.725 0.953
292.500 95329.930 0.953
293.000 95328.383 0.953
293.500 95333.412 0.953
294.000 95332.319 0.953
294.500 95339.021 0.953
295.000 95334.212 0.953
295.500 95340.873 0.953
296.000 95336.506 0.953
296.500 95344.638 0.953
297.000 95345.417 0.953
297.500 95342.201 0.953
298.000 95333.239 0.953
298.500 95334.909 0.953
299.000 95334.778 0.953
299.500 95334.407 0.953
300.000 95326.580 0.953
300.500 95328.231 0.953
301.000 95330.593 0.953
301.500 95322.895 0.953
302.000 95328.363 0.953
302.500 95319.864 0.953
303.000 95315.455 0.953
303.500 95319.678 0.953
304.000 95323.389 0.953
304.500 95327.600 0.953
305.000 95317.134 0.953
305.500 95325.965 0.953
306.000 95319.314 0.953
306.500 95322.495 0.953
307.000 95324.515 0.953
307.500 95326.399 0.953
308.000 95321.993 0.953
308.500 95323.513 0.953
309.000 95328.825 0.953
309.500 95327.337 0.953
310.000 95333.201 0.953
310.500 95334.704 0.953
311.000 95335.367 0.953
311.500 95342.156 0.953
312.000 95333.818 0.953
312.500 95344.545 0.953
313.000 95341.841 0.953
313.500 95344.796 0.953
314.000 95342.510 0.953
314.500 95356.162 0.954
315.000 95353.451 0.954
315.500 95357.293 0.954
316.000 95362.205 0.954
316.500 95360.401 0.954
317.000 95369.795 0.954
317.500 95364.041 0.954
318.000 95371.904 0.954
318.500 95381.923 0.954
319.000 95375.922 0.954
319.500 95381.130 0.954
320.000 95380.504 0.954
320.500 95384.224 0.954
321.000 95385.539 0.954
321.500 95385.113 0.954
322.000 95389.240 0.954
322.500 95369.730 0.954
323.000 95370.122 0.954
323.500 95378.580 0.954
324.000 95370.693 0.954
324.500 95372.983 0.954
325.000 95367.091 0.954
325.500 95362.359 0.954
326.000 95364.086 0.954
326.500 95360.688 0.954
327.000 95350.615 0.954
327.500 95353.217 0.954
328.000 95349.567 0.953
328.500 95352.625 0.954
329.000 95347.226 0.953
329.500 95348.640 0.953
330.000 95357.704 0.954
330.500 95357.224 0.954
331.000 95357.830 0.954
331.500 95363.079 0.954
332.000 95371.238 0.954
332.500 95370.189 0.954
333.000 95381.040 0.954
333.500 95388.508 0.954
334.000 95394.151 0.954
334.500 95407.825 0.954
335.000 95414.720 0.954
335.500 95409.890 0.954
336.000 95423.042 0.954
336.500 95418.941 0.954
337.000 95427.991 0.954
337.500 95438.659 0.954
338.000 95437.037 0.954
338.500 95452.927 0.955
339.000 95447.235 0.954
339.500 95446.530 0.954
340.000 95444.847 0.954
340.500 95439.604 0.954
341.000 95436.766 0.954
341.500 95434.703 0.954
342.000 95434.351 0.954
342.500 95424.182 0.954
343.000 95425.127 0.954
343.500 95417.043 0.954
344.000 95404.087 0.954
344.500 95403.895 0.954
345.000 95395.531 0.954
345.500 95404.373 0.954
346.000 95395.049 0.954
346.500 95397.390 0.954
347.000 95388.238 0.954
347.500 95395.145 0.954
348.000 95389.793 0.954
348.500 95379.092 0.954
349.000 95373.838 0.954
349.500 95386.282 0.954
350.000 95398.175 0.954
350.500 95405.046 0.954
351.000 95429.939 0.954
351.500 95454.370 0.955
352.000 95496.148 0.955
352.500 95535.118 0.955
353.000 95564.792 0.956
353.500 95613.982 0.956
354.000 95671.442 0.957
354.500 95714.531 0.957
355.000 95780.742 0.958
355.500 95828.321 0.958
356.000 95873.277 0.959
356.500 95906.265 0.959
357.000 95944.289 0.959
357.500 95983.665 0.960
358.000 96012.735 0.960
358.500 96049.207 0.960
359.000 96061.922 0.961
359.500 96070.461 0.961

