(0.000000  0.000000)
(0.500000  0.000000)
(135.300000  0.000000)
(135.801266  0.000240)
(136.302532  0.000284)
(136.803797  0.000334)
(137.305063  0.000389)
(137.806329  0.000450)
(138.307595  0.000517)
(138.808861  0.000592)
(139.310127  0.000675)
(139.811392  0.000765)
(140.312658  0.000862)
(140.813924  0.000968)
(141.315190  0.001081)
(141.816456  0.001201)
(142.317722  0.001328)
(142.818987  0.001460)
(143.320253  0.001598)
(143.821519  0.001741)
(144.322785  0.001888)
(144.824051  0.002038)
(145.325316  0.002191)
(145.826582  0.002348)
(146.327848  0.002507)
(146.829114  0.002670)
(147.330380  0.002835)
(147.831646  0.003002)
(148.332911  0.003172)
(148.834177  0.003343)
(149.335443  0.003516)
(149.836709  0.003690)
(150.337975  0.003865)
(150.839241  0.004039)
(151.340506  0.004212)
(151.841772  0.004384)
(152.343038  0.004555)
(152.844304  0.004724)
(153.345570  0.004892)
(153.846835  0.005058)
(154.348101  0.005223)
(154.849367  0.005388)
(155.350633  0.005553)
(155.851899  0.005718)
(156.353165  0.005884)
(156.854430  0.006051)
(157.355696  0.006219)
(157.856962  0.006388)
(158.358228  0.006559)
(158.859494  0.006731)
(159.360759  0.006904)
(159.862025  0.007079)
(160.363291  0.007256)
(160.864557  0.007434)
(161.365823  0.007615)
(161.867089  0.007797)
(162.368354  0.007983)
(162.869620  0.008171)
(163.370886  0.008362)
(163.872152  0.008557)
(164.373418  0.008756)
(164.874684  0.008958)
(165.375949  0.009163)
(165.877215  0.009372)
(166.378481  0.009583)
(166.879747  0.009797)
(167.381013  0.010012)
(167.882278  0.010229)
(168.383544  0.010447)
(168.884810  0.010665)
(169.386076  0.010883)
(169.887342  0.011102)
(170.388608  0.011320)
(170.889873  0.011537)
(171.391139  0.011753)
(171.892405  0.011967)
(172.393671  0.012180)
(172.894937  0.012392)
(173.396203  0.012601)
(173.897468  0.012807)
(174.398734  0.013010)
(174.900000  0.013209)
(175.401266  0.013404)
(175.902532  0.013594)
(176.403797  0.013780)
(176.905063  0.013961)
(177.406329  0.014136)
(177.907595  0.014307)
(178.408861  0.014473)
(178.910127  0.014635)
(179.411392  0.014793)
(179.912658  0.014947)
(180.413924  0.015099)
(180.915190  0.015248)
(181.416456  0.015394)
(181.917722  0.015539)
(182.418987  0.015683)
(182.920253  0.015824)
(183.421519  0.015965)
(183.922785  0.016104)
(184.424051  0.016242)
(184.925316  0.016378)
(185.426582  0.016514)
(185.927848  0.016648)
(186.429114  0.016782)
(186.930380  0.016914)
(187.431646  0.017046)
(187.932911  0.017177)
(188.434177  0.017307)
(188.935443  0.017437)
(189.436709  0.017566)
(189.937975  0.017693)
(190.439241  0.017819)
(190.940506  0.017943)
(191.441772  0.018065)
(191.943038  0.018182)
(192.444304  0.018297)
(192.945570  0.018406)
(193.446835  0.018511)
(193.948101  0.018610)
(194.449367  0.018704)
(194.950633  0.018791)
(195.451899  0.018872)
(195.953165  0.018948)
(196.454430  0.019017)
(196.955696  0.019079)
(197.456962  0.019135)
(197.958228  0.019185)
(198.459494  0.019229)
(198.960759  0.019266)
(199.462025  0.019297)
(199.963291  0.019321)
(200.464557  0.019340)
(200.965823  0.019352)
(201.467089  0.019358)
(201.968354  0.019359)
(202.469620  0.019353)
(202.970886  0.019343)
(203.472152  0.019329)
(203.973418  0.019311)
(204.474684  0.019290)
(204.975949  0.019266)
(205.477215  0.019241)
(205.978481  0.019215)
(206.479747  0.019189)
(206.981013  0.019162)
(207.482278  0.019137)
(207.983544  0.019113)
(208.484810  0.019090)
(208.986076  0.019068)
(209.487342  0.019048)
(209.988608  0.019030)
(210.489873  0.019014)
(210.991139  0.019001)
(211.492405  0.018989)
(211.993671  0.018981)
(212.494937  0.018975)
(212.996203  0.018973)
(213.497468  0.018974)
(213.998734  0.018979)
(214.500000  0.018988)
(215.001266  0.018999)
(215.502532  0.019015)
(216.003797  0.019033)
(216.505063  0.019053)
(217.006329  0.019076)
(217.507595  0.019100)
(218.008861  0.019125)
(218.510127  0.019150)
(219.011392  0.019175)
(219.512658  0.019200)
(220.013924  0.019223)
(220.515190  0.019246)
(221.016456  0.019267)
(221.517722  0.019286)
(222.018987  0.019303)
(222.520253  0.019319)
(223.021519  0.019331)
(223.522785  0.019342)
(224.024051  0.019349)
(224.525316  0.019353)
(225.026582  0.019354)
(225.527848  0.019352)
(226.029114  0.019345)
(226.530380  0.019336)
(227.031646  0.019322)
(227.532911  0.019306)
(228.034177  0.019286)
(228.535443  0.019264)
(229.036709  0.019240)
(229.537975  0.019214)
(230.039241  0.019188)
(230.540506  0.019162)
(231.041772  0.019136)
(231.543038  0.019112)
(232.044304  0.019089)
(232.545570  0.019069)
(233.046835  0.019051)
(233.548101  0.019036)
(234.049367  0.019023)
(234.550633  0.019014)
(235.051899  0.019007)
(235.553165  0.019004)
(236.054430  0.019004)
(236.555696  0.019007)
(237.056962  0.019012)
(237.558228  0.019021)
(238.059494  0.019034)
(238.560759  0.019049)
(239.062025  0.019067)
(239.563291  0.019088)
(240.064557  0.019111)
(240.565823  0.019136)
(241.067089  0.019162)
(241.568354  0.019188)
(242.069620  0.019215)
(242.570886  0.019242)
(243.072152  0.019267)
(243.573418  0.019290)
(244.074684  0.019311)
(244.575949  0.019330)
(245.077215  0.019345)
(245.578481  0.019357)
(246.079747  0.019366)
(246.581013  0.019371)
(247.082278  0.019373)
(247.583544  0.019371)
(248.084810  0.019366)
(248.586076  0.019357)
(249.087342  0.019345)
(249.588608  0.019330)
(250.089873  0.019311)
(250.591139  0.019290)
(251.092405  0.019267)
(251.593671  0.019241)
(252.094937  0.019213)
(252.596203  0.019184)
(253.097468  0.019155)
(253.598734  0.019125)
(254.100000  0.019095)
(254.601266  0.019067)
(255.102532  0.019040)
(255.603797  0.019015)
(256.105063  0.018992)
(256.606329  0.018973)
(257.107595  0.018956)
(257.608861  0.018943)
(258.110127  0.018933)
(258.611392  0.018926)
(259.112658  0.018923)
(259.613924  0.018923)
(260.115190  0.018926)
(260.616456  0.018932)
(261.117722  0.018941)
(261.618987  0.018953)
(262.120253  0.018968)
(262.621519  0.018985)
(263.122785  0.019005)
(263.624051  0.019026)
(264.125316  0.019050)
(264.626582  0.019075)
(265.127848  0.019102)
(265.629114  0.019129)
(266.130380  0.019156)
(266.631646  0.019183)
(267.132911  0.019210)
(267.634177  0.019235)
(268.135443  0.019258)
(268.636709  0.019279)
(269.137975  0.019298)
(269.639241  0.019315)
(270.140506  0.019329)
(270.641772  0.019340)
(271.143038  0.019348)
(271.644304  0.019353)
(272.145570  0.019355)
(272.646835  0.019355)
(273.148101  0.019351)
(273.649367  0.019345)
(274.150633  0.019336)
(274.651899  0.019324)
(275.153165  0.019310)
(275.654430  0.019293)
(276.155696  0.019275)
(276.656962  0.019254)
(277.158228  0.019232)
(277.659494  0.019209)
(278.160759  0.019186)
(278.662025  0.019163)
(279.163291  0.019139)
(279.664557  0.019117)
(280.165823  0.019096)
(280.667089  0.019077)
(281.168354  0.019059)
(281.669620  0.019044)
(282.170886  0.019031)
(282.672152  0.019021)
(283.173418  0.019013)
(283.674684  0.019008)
(284.175949  0.019006)
(284.677215  0.019006)
(285.178481  0.019009)
(285.679747  0.019014)
(286.181013  0.019022)
(286.682278  0.019032)
(287.183544  0.019044)
(287.684810  0.019058)
(288.186076  0.019074)
(288.687342  0.019092)
(289.188608  0.019111)
(289.689873  0.019131)
(290.191139  0.019151)
(290.692405  0.019171)
(291.193671  0.019190)
(291.694937  0.019209)
(292.196203  0.019226)
(292.697468  0.019241)
(293.198734  0.019254)
(293.700000  0.019265)
(294.201266  0.019274)
(294.702532  0.019279)
(295.203797  0.019282)
(295.705063  0.019282)
(296.206329  0.019280)
(296.707595  0.019274)
(297.208861  0.019266)
(297.710127  0.019255)
(298.211392  0.019242)
(298.712658  0.019226)
(299.213924  0.019208)
(299.715190  0.019188)
(300.216456  0.019166)
(300.717722  0.019142)
(301.218987  0.019117)
(301.720253  0.019090)
(302.221519  0.019063)
(302.722785  0.019034)
(303.224051  0.019006)
(303.725316  0.018977)
(304.226582  0.018949)
(304.727848  0.018920)
(305.229114  0.018893)
(305.730380  0.018865)
(306.231646  0.018838)
(306.732911  0.018811)
(307.234177  0.018785)
(307.735443  0.018758)
(308.236709  0.018731)
(308.737975  0.018703)
(309.239241  0.018674)
(309.740506  0.018643)
(310.241772  0.018611)
(310.743038  0.018576)
(311.244304  0.018539)
(311.745570  0.018499)
(312.246835  0.018455)
(312.748101  0.018407)
(313.249367  0.018355)
(313.750633  0.018298)
(314.251899  0.018236)
(314.753165  0.018169)
(315.254430  0.018095)
(315.755696  0.018015)
(316.256962  0.017929)
(316.758228  0.017836)
(317.259494  0.017736)
(317.760759  0.017630)
(318.262025  0.017516)
(318.763291  0.017395)
(319.264557  0.017268)
(319.765823  0.017135)
(320.267089  0.016995)
(320.768354  0.016849)
(321.269620  0.016697)
(321.770886  0.016541)
(322.272152  0.016380)
(322.773418  0.016215)
(323.274684  0.016046)
(323.775949  0.015873)
(324.277215  0.015697)
(324.778481  0.015518)
(325.279747  0.015336)
(325.781013  0.015152)
(326.282278  0.014966)
(326.783544  0.014777)
(327.284810  0.014586)
(327.786076  0.014392)
(328.287342  0.014194)
(328.788608  0.013993)
(329.289873  0.013786)
(329.791139  0.013575)
(330.292405  0.013358)
(330.793671  0.013135)
(331.294937  0.012906)
(331.796203  0.012675)
(332.297468  0.012444)
(332.798734  0.012214)
(333.300000  0.011987)
(333.801266  0.011763)
(334.302532  0.011544)
(334.803797  0.011331)
(335.305063  0.011124)
(335.806329  0.010922)
(336.307595  0.010724)
(336.808861  0.010529)
(337.310127  0.010336)
(337.811392  0.010142)
(338.312658  0.009947)
(338.813924  0.009752)
(339.315190  0.009556)
(339.816456  0.009360)
(340.317722  0.009164)
(340.818987  0.008969)
(341.320253  0.008777)
(341.821519  0.008587)
(342.322785  0.008401)
(342.824051  0.008217)
(343.325316  0.008037)
(343.826582  0.007859)
(344.327848  0.007682)
(344.829114  0.007504)
(345.330380  0.007324)
(345.831646  0.007141)
(346.332911  0.006955)
(346.834177  0.006764)
(347.335443  0.006569)
(347.836709  0.006371)
(348.337975  0.006170)
(348.839241  0.005967)
(349.340506  0.005763)
(349.841772  0.005559)
(350.343038  0.005357)
(350.844304  0.005157)
(351.345570  0.004960)
(351.846835  0.004765)
(352.348101  0.004572)
(352.849367  0.004380)
(353.350633  0.004190)
(353.851899  0.004000)
(354.353165  0.003811)
(354.854430  0.003622)
(355.355696  0.003434)
(355.856962  0.003247)
(356.358228  0.003062)
(356.859494  0.002882)
(357.360759  0.002706)
(357.862025  0.002537)
(358.363291  0.002375)
(358.864557  0.002221)
(359.365823  0.002076)
(359.867089  0.001938)
(360.368354  0.001807)
(360.869620  0.001684)
(361.370886  0.001567)
(361.872152  0.001454)
(362.373418  0.001347)
(362.874684  0.001243)
(363.375949  0.001144)
(363.877215  0.001049)
(364.378481  0.000959)
(364.879747  0.000875)
(365.381013  0.000796)
(365.882278  0.000724)
(366.383544  0.000659)
(366.884810  0.000601)
(367.386076  0.000550)
(367.887342  0.000505)
(368.388608  0.000465)
(368.889873  0.000429)
(369.391139  0.000397)
(369.892405  0.000366)
(370.393671  0.000337)
(370.894937  0.000309)
(371.396203  0.000281)
(371.897468  0.000253)
(372.398734  0.000226)
(372.900000  0.000200)
(720.000000  0.000000)
(720.000000  0.000000)
