(0.000000  0.000000)
(0.500000  0.000000)
(341.020000  0.000000)
(341.521852  0.000239)
(342.023704  0.000282)
(342.525556  0.000328)
(343.027407  0.000377)
(343.529259  0.000429)
(344.031111  0.000484)
(344.532963  0.000542)
(345.034815  0.000604)
(345.536667  0.000668)
(346.038519  0.000735)
(346.540370  0.000806)
(347.042222  0.000879)
(347.544074  0.000954)
(348.045926  0.001032)
(348.547778  0.001113)
(349.049630  0.001196)
(349.551481  0.001281)
(350.053333  0.001369)
(350.555185  0.001459)
(351.057037  0.001551)
(351.558889  0.001646)
(352.060741  0.001744)
(352.562593  0.001845)
(353.064444  0.001951)
(353.566296  0.002060)
(354.068148  0.002173)
(354.570000  0.002291)
(355.071852  0.002414)
(355.573704  0.002542)
(356.075556  0.002675)
(356.577407  0.002813)
(357.079259  0.002956)
(357.581111  0.003104)
(358.082963  0.003258)
(358.584815  0.003418)
(359.086667  0.003584)
(359.588519  0.003756)
(360.090370  0.003935)
(360.592222  0.004120)
(361.094074  0.004312)
(361.595926  0.004511)
(362.097778  0.004716)
(362.599630  0.004927)
(363.101481  0.005144)
(363.603333  0.005366)
(364.105185  0.005594)
(364.607037  0.005826)
(365.108889  0.006063)
(365.610741  0.006303)
(366.112593  0.006547)
(366.614444  0.006794)
(367.116296  0.007043)
(367.618148  0.007295)
(368.120000  0.007548)
(368.621852  0.007803)
(369.123704  0.008059)
(369.625556  0.008315)
(370.127407  0.008570)
(370.629259  0.008825)
(371.131111  0.009078)
(371.632963  0.009329)
(372.134815  0.009577)
(372.636667  0.009822)
(373.138519  0.010064)
(373.640370  0.010302)
(374.142222  0.010535)
(374.644074  0.010765)
(375.145926  0.010991)
(375.647778  0.011212)
(376.149630  0.011429)
(376.651481  0.011643)
(377.153333  0.011852)
(377.655185  0.012057)
(378.157037  0.012259)
(378.658889  0.012457)
(379.160741  0.012651)
(379.662593  0.012843)
(380.164444  0.013032)
(380.666296  0.013218)
(381.168148  0.013402)
(381.670000  0.013585)
(382.171852  0.013766)
(382.673704  0.013945)
(383.175556  0.014124)
(383.677407  0.014303)
(384.179259  0.014481)
(384.681111  0.014658)
(385.182963  0.014835)
(385.684815  0.015012)
(386.186667  0.015188)
(386.688519  0.015363)
(387.190370  0.015538)
(387.692222  0.015711)
(388.194074  0.015883)
(388.695926  0.016053)
(389.197778  0.016221)
(389.699630  0.016387)
(390.201481  0.016549)
(390.703333  0.016709)
(391.205185  0.016865)
(391.707037  0.017017)
(392.208889  0.017165)
(392.710741  0.017308)
(393.212593  0.017446)
(393.714444  0.017578)
(394.216296  0.017705)
(394.718148  0.017825)
(395.220000  0.017940)
(395.721852  0.018047)
(396.223704  0.018149)
(396.725556  0.018243)
(397.227407  0.018332)
(397.729259  0.018414)
(398.231111  0.018490)
(398.732963  0.018560)
(399.234815  0.018625)
(399.736667  0.018685)
(400.238519  0.018740)
(400.740370  0.018790)
(401.242222  0.018836)
(401.744074  0.018879)
(402.245926  0.018918)
(402.747778  0.018954)
(403.249630  0.018987)
(403.751481  0.019018)
(404.253333  0.019046)
(404.755185  0.019073)
(405.257037  0.019097)
(405.758889  0.019120)
(406.260741  0.019141)
(406.762593  0.019161)
(407.264444  0.019180)
(407.766296  0.019197)
(408.268148  0.019212)
(408.770000  0.019226)
(409.271852  0.019239)
(409.773704  0.019249)
(410.275556  0.019257)
(410.777407  0.019263)
(411.279259  0.019265)
(411.781111  0.019265)
(412.282963  0.019261)
(412.784815  0.019253)
(413.286667  0.019242)
(413.788519  0.019226)
(414.290370  0.019205)
(414.792222  0.019179)
(415.294074  0.019148)
(415.795926  0.019111)
(416.297778  0.019068)
(416.799630  0.019019)
(417.301481  0.018964)
(417.803333  0.018903)
(418.305185  0.018834)
(418.807037  0.018760)
(419.308889  0.018678)
(419.810741  0.018591)
(420.312593  0.018496)
(420.814444  0.018396)
(421.316296  0.018289)
(421.818148  0.018177)
(422.320000  0.018059)
(422.821852  0.017937)
(423.323704  0.017810)
(423.825556  0.017679)
(424.327407  0.017544)
(424.829259  0.017405)
(425.331111  0.017264)
(425.832963  0.017121)
(426.334815  0.016975)
(426.836667  0.016828)
(427.338519  0.016679)
(427.840370  0.016529)
(428.342222  0.016379)
(428.844074  0.016228)
(429.345926  0.016077)
(429.847778  0.015926)
(430.349630  0.015776)
(430.851481  0.015625)
(431.353333  0.015474)
(431.855185  0.015324)
(432.357037  0.015173)
(432.858889  0.015022)
(433.360741  0.014871)
(433.862593  0.014720)
(434.364444  0.014567)
(434.866296  0.014413)
(435.368148  0.014258)
(435.870000  0.014101)
(436.371852  0.013941)
(436.873704  0.013779)
(437.375556  0.013614)
(437.877407  0.013446)
(438.379259  0.013274)
(438.881111  0.013099)
(439.382963  0.012920)
(439.884815  0.012737)
(440.386667  0.012550)
(440.888519  0.012358)
(441.390370  0.012163)
(441.892222  0.011963)
(442.394074  0.011760)
(442.895926  0.011552)
(443.397778  0.011341)
(443.899630  0.011127)
(444.401481  0.010909)
(444.903333  0.010689)
(445.405185  0.010466)
(445.907037  0.010242)
(446.408889  0.010016)
(446.910741  0.009789)
(447.412593  0.009561)
(447.914444  0.009334)
(448.416296  0.009106)
(448.918148  0.008879)
(449.420000  0.008653)
(449.921852  0.008427)
(450.423704  0.008203)
(450.925556  0.007981)
(451.427407  0.007760)
(451.929259  0.007542)
(452.431111  0.007325)
(452.932963  0.007110)
(453.434815  0.006898)
(453.936667  0.006688)
(454.438519  0.006480)
(454.940370  0.006274)
(455.442222  0.006070)
(455.944074  0.005869)
(456.445926  0.005669)
(456.947778  0.005471)
(457.449630  0.005275)
(457.951481  0.005081)
(458.453333  0.004888)
(458.955185  0.004697)
(459.457037  0.004507)
(459.958889  0.004319)
(460.460741  0.004132)
(460.962593  0.003947)
(461.464444  0.003764)
(461.966296  0.003582)
(462.468148  0.003403)
(462.970000  0.003226)
(463.471852  0.003052)
(463.973704  0.002881)
(464.475556  0.002712)
(464.977407  0.002548)
(465.479259  0.002386)
(465.981111  0.002229)
(466.482963  0.002076)
(466.984815  0.001927)
(467.486667  0.001784)
(467.988519  0.001645)
(468.490370  0.001512)
(468.992222  0.001384)
(469.494074  0.001263)
(469.995926  0.001147)
(470.497778  0.001038)
(470.999630  0.000935)
(471.501481  0.000838)
(472.003333  0.000747)
(472.505185  0.000663)
(473.007037  0.000585)
(473.508889  0.000513)
(474.010741  0.000447)
(474.512593  0.000387)
(475.014444  0.000333)
(475.516296  0.000283)
(476.018148  0.000239)
(476.520000  0.000200)
(720.000000  0.000000)
(720.000000  0.000000)
